2.245210422519823279e+00 2.277023866387070772e+00 2.309141714879217044e+00 2.341563180056064564e+00 2.374287414523967854e+00 2.407313511582308330e+00 2.440640505250002867e+00 2.474267369752686463e+00 2.508193018767302718e+00 2.542428030412715589e+00 2.576947906455667514e+00 2.611762933394577768e+00 2.646871768135637737e+00 2.682272996503207718e+00 2.717965131367980014e+00 2.753946607849672823e+00 2.790215780119361888e+00 2.826770914683475855e+00 2.863610187530484019e+00 2.900731674361416879e+00 2.938133349066856859e+00 2.975813071078202476e+00 3.013768581945121205e+00 3.051997493493207703e+00 3.090497281639115190e+00 3.129265273976049588e+00 3.168298639818256657e+00 3.207594381693933183e+00 3.247149317891559139e+00 3.286960077584544671e+00 3.327023077911072768e+00 3.367334521799779434e+00 3.407890367574730739e+00 3.448686330603632388e+00 3.489717850641647967e+00 3.530980087140269230e+00 3.572501661561229280e+00 3.614210015425572742e+00 3.656132662171234227e+00 3.698263424851718995e+00 3.740595732723882350e+00 3.783122611421207981e+00 3.825836645735969377e+00 3.868729952033445052e+00 3.911794155684046537e+00 3.955020357082870142e+00 3.998399088936499979e+00 4.041920292451661290e+00 4.085573248933705770e+00 4.129346522100550310e+00 4.173227773648691574e+00 4.217203841167496137e+00 4.261260836861265666e+00 4.305384275280352391e+00 4.349559178090067313e+00 4.393770031674581134e+00 4.438000714009298520e+00 4.482234285797288997e+00 4.526452874533036130e+00 4.570637617192090829e+00 4.614768589446535785e+00 4.658824833323385484e+00 4.702784305280530930e+00 4.746623878296068355e+00 4.790319325689557317e+00 4.833845281751662171e+00 4.877275413053938635e+00 4.920382975875778442e+00 4.963237899036257339e+00 5.005809978506090552e+00 5.048067740782103741e+00 5.089978391479677455e+00 5.131507783635971265e+00 5.172620408366658040e+00 5.213279318418734931e+00 5.253446133712232680e+00 5.293081014898707082e+00 5.332142587455609650e+00 5.370587998343416380e+00 5.408372812552154407e+00 5.445450990237958422e+00 5.481774921278733892e+00 5.517295326705507819e+00 5.551961340624601782e+00 5.585720343128850907e+00 5.618518098700904240e+00 5.650298652987383541e+00 5.681004319979007455e+00 5.710575839077979055e+00 5.738952206339605233e+00 5.766070570449505439e+00 5.791866752760139292e+00 5.816274642950642004e+00 5.839226631511732712e+00 5.860652924177532697e+00 5.880482170028361821e+00 5.898641623919337995e+00 5.915056798720845777e+00 5.929652788120098883e+00 5.942352987372029105e+00
2.277023866387070772e+00 2.309419538360185431e+00 2.342127806548679025e+00 2.375147847127734302e+00 2.408478771199571877e+00 2.442119625027298291e+00 2.476069390007975990e+00 2.510326982561317699e+00 2.544902988057941684e+00 2.579772887290296524e+00 2.614946966620877777e+00 2.650423872326005181e+00 2.686202178326082546e+00 2.722280384838943856e+00 2.758656913241099851e+00 2.795330104237092606e+00 2.832298212440781615e+00 2.869559403062501790e+00 2.907111744344517579e+00 2.944953204871870955e+00 2.983081642487875662e+00 3.021494803419431996e+00 3.060190307937304510e+00 3.099165647317658756e+00 3.138418170734374790e+00 3.177945079087475033e+00 3.217743411429361267e+00 3.257810034480374650e+00 3.298141633904254189e+00 3.338734695133461994e+00 3.379585499098079371e+00 3.420690096846922490e+00 3.462044308552073346e+00 3.503643689626175561e+00 3.545483534292738881e+00 3.587592699631379833e+00 3.629898609698776202e+00 3.672429046303195666e+00 3.715178031353865595e+00 3.758139213266771694e+00 3.801305850996754998e+00 3.844670780083033534e+00 3.888226402516571145e+00 3.931964645974701522e+00 3.975876933846835382e+00 4.019954160536344467e+00 4.064186654199156479e+00 4.108564122011796549e+00 4.153075629800507151e+00 4.197709489753722600e+00 4.242453101517833502e+00 4.287293020639967978e+00 4.332215066287019134e+00 4.377204459870553954e+00 4.422245927040011182e+00 4.467323694516957211e+00 4.512421325503643388e+00 4.557521602146636042e+00 4.602606338157877452e+00 4.647656320276167818e+00 4.692651294474673662e+00 4.737569910334743284e+00 4.782389755441336376e+00 4.827087296123846016e+00 4.871637875669265760e+00 4.916116193537595436e+00 4.960295627930645601e+00 5.004247147139739837e+00 5.047941303134606983e+00 5.091347402694363034e+00 5.134433414562751707e+00 5.177165988372141037e+00 5.219510394733405612e+00 5.261430496055914396e+00 5.302888741709826270e+00 5.343846081896259648e+00 5.384261983180821609e+00 5.424094399491155905e+00 5.463299691806855485e+00 5.501832697630012703e+00 5.539646612448823504e+00 5.576692972220976152e+00 5.612921699418459198e+00 5.648280991541436258e+00 5.682717423463146567e+00 5.716175769914316085e+00 5.748599153741293044e+00 5.779928948122238452e+00 5.810104768439066980e+00 5.839064643603397720e+00 5.866744853535848847e+00 5.893079823344945289e+00 5.918002546359114824e+00 5.941444017704452740e+00 5.963333688804978827e+00 5.983598793512053149e+00 6.002165152846971274e+00 6.018957456004702777e+00 6.034225239941835461e+00 6.047244174845473275e+00
2.309141714879217044e+00 2.342127806548679025e+00 2.375434947010679476e+00 2.409062280414053347e+00 2.443008879863560523e+00 2.477273747787323011e+00 2.511855815991698826e+00 2.546765686598546186e+00 2.581978834485461949e+00 2.617505553125070605e+00 2.653344486994220652e+00 2.689494205715194486e+00 2.725953202048372326e+00 2.762719888865350359e+00 2.799792597821880946e+00 2.837169573360916353e+00 2.874848970981266572e+00 2.912828851122180485e+00 2.951107175763188817e+00 2.989681799903436854e+00 3.028550469120208533e+00 3.067710807010107565e+00 3.107160315115132132e+00 3.146896356642931991e+00 3.186916153970237087e+00 3.227216774114153530e+00 3.267795122642765726e+00 3.308647928818975181e+00 3.349771734576353133e+00 3.391162885603891564e+00 3.432817510266411354e+00 3.474731516083024552e+00 3.516900561609518139e+00 3.559320056835617141e+00 3.602019073459913567e+00 3.644925010606629545e+00 3.688065891757591253e+00 3.731435915563534600e+00 3.775028925474190000e+00 3.818838395900046923e+00 3.862857399560751137e+00 3.907078590662520945e+00 3.951494167877159569e+00 3.996095863710213969e+00 4.040874899776432549e+00 4.085821954104469356e+00 4.130927133835690768e+00 4.176179923358541934e+00 4.221569144218981329e+00 4.267082868637499082e+00 4.312708210127350839e+00 4.358431436703060768e+00 4.404238067368803300e+00 4.450113022023681530e+00 4.496040731593528683e+00 4.542005122876170198e+00 4.587989491398096753e+00 4.633976282113053458e+00 4.679947007531279901e+00 4.725882113747846169e+00 4.771760968030265282e+00 4.817561865596361237e+00 4.863261973306004293e+00 4.908936830853818378e+00 4.954363754266710274e+00 4.999614633509295025e+00 5.044662021671546981e+00 5.089477233551903623e+00 5.134030328173627922e+00 5.178290052198864402e+00 5.222223855755449229e+00 5.265797794723451553e+00 5.308976551728198601e+00 5.351723371967813669e+00 5.394000035563125017e+00 5.435766858450560512e+00 5.476982595650331298e+00 5.517604468418523922e+00 5.557588131021365285e+00 5.596887585308834900e+00 5.635455265391268398e+00 5.673241902522984326e+00 5.710196514893303821e+00 5.746266467202579165e+00 5.781397344334766153e+00 5.815533077370050208e+00 5.848615755197748456e+00 5.880585782601400524e+00 5.911381789887708571e+00 5.940940629590457434e+00 5.969197573439051219e+00 5.996086164551282849e+00 6.021537916183798522e+00 6.045482891073215903e+00 6.067849073936524285e+00 6.088562926666437392e+00 6.107548786171745903e+00 6.125056289010496258e+00 6.140360319840208803e+00 6.153702924442500333e+00
2.341563180056064564e+00 2.375147847127734302e+00 2.409062280414053347e+00 2.443305596343403607e+00 2.477876834010323215e+00 2.512774955621914774e+00 2.548010592187317513e+00 2.583559229893484854e+00 2.619431179090851103e+00 2.655625093581373886e+00 2.692139548214419253e+00 2.728973037422077308e+00 2.766123973417369708e+00 2.803590683897033475e+00 2.841371408562951562e+00 2.879464297861903610e+00 2.917867406002403907e+00 2.956578689393171810e+00 2.995595999746363258e+00 3.034917080619873975e+00 3.074539557833791292e+00 3.114460937383033645e+00 3.154678591167527912e+00 3.195189757939262076e+00 3.235991524823085719e+00 3.277080825509516071e+00 3.318454424137553538e+00 3.360108909369743380e+00 3.402040678115632932e+00 3.444245923957963917e+00 3.486720628075492989e+00 3.529460536055035291e+00 3.572461155277396383e+00 3.615751755591920968e+00 3.659259699160001045e+00 3.703013229136963957e+00 3.747006705623549649e+00 3.791234142759723813e+00 3.835689207014151503e+00 3.880365182733841234e+00 3.925254957713053550e+00 3.970350987549203126e+00 4.015645277785141687e+00 4.061129343457568375e+00 4.106794197723349527e+00 4.152630302738608670e+00 4.198627533014083646e+00 4.244775134019872276e+00 4.291061695459921665e+00 4.337475015757672914e+00 4.384001935572655384e+00 4.430628409505342979e+00 4.477339651217021377e+00 4.524120272934680109e+00 4.570954402980919262e+00 4.617825670945435945e+00 4.664717060209426336e+00 4.711610730776507161e+00 4.758487828820367582e+00 4.805328474032259045e+00 4.852111665459948320e+00 4.898815290847058357e+00 4.945515913356191007e+00 4.991990947805102330e+00 5.038313336812140442e+00 5.084456361069485730e+00 5.130392084884189075e+00 5.176091332867146733e+00 5.221523637199235957e+00 5.266657221659788668e+00 5.311458940788893912e+00 5.355894301080341258e+00 5.399927353137178088e+00 5.443520720874856167e+00 5.486635530762303148e+00 5.529231386426959993e+00 5.571266377203714093e+00 5.612696968597474800e+00 5.653478042275186688e+00 5.693562857072826944e+00 5.732902958678004701e+00 5.771448282741392433e+00 5.809147001285925427e+00 5.845945521692929248e+00 5.881788561927070447e+00 5.916619007168421263e+00 5.950378063157665487e+00 5.983005056414416600e+00 6.014437601782189446e+00 6.044611521351257011e+00 6.073460858179339894e+00 6.100918113498193129e+00 6.126913894261129201e+00 6.151376692311463223e+00 6.174233520685342924e+00 6.195730589922254339e+00 6.215154134417514520e+00 6.232741960102662127e+00 6.248414841650138385e+00 6.262092929693257481e+00
2.374287414523967854e+00 2.408478771199571877e+00 2.443008879863560523e+00 2.477876834010323215e+00 2.513081643176804381e+00 2.548633981125496994e+00 2.584509365098700773e+00 2.620718134917704223e+00 2.657258966957487090e+00 2.694130453455010787e+00 2.731331101957615193e+00 2.768859333703823200e+00 2.806713481883995609e+00 2.844891789563699369e+00 2.883392407076528219e+00 2.922213388045199700e+00 2.961352688245533660e+00 3.000808157491174466e+00 3.040577538324034101e+00 3.080658458242151010e+00 3.121048426246446628e+00 3.161744822032480862e+00 3.202744894371275741e+00 3.244045744921274288e+00 3.285644330419754233e+00 3.327537441703657173e+00 3.369721702767129567e+00 3.412193552868651114e+00 3.454949240865318405e+00 3.497984807361131043e+00 3.541296072573921982e+00 3.584912285529505027e+00 3.628761917965467987e+00 3.672873259344908270e+00 3.717241097397190774e+00 3.761859932523097694e+00 3.806723930787255572e+00 3.851826935135038266e+00 3.897162415558543813e+00 3.942723468594126590e+00 3.988502779617750793e+00 4.034492607672450326e+00 4.080684746469510848e+00 4.127070505270392431e+00 4.173640664602518591e+00 4.220385463856181296e+00 4.267294544915008814e+00 4.314356904740176191e+00 4.361560881241797638e+00 4.408894012259549022e+00 4.456342828726345573e+00 4.503892986691045763e+00 4.551529367538302395e+00 4.599236271418656763e+00 4.646997519234920659e+00 4.694796435355333308e+00 4.742615694506414847e+00 4.790437122185313257e+00 4.838241556080078887e+00 4.886008717506171273e+00 4.933816010647169570e+00 4.981444738395292227e+00 5.028968704126648426e+00 5.076363125825746891e+00 5.123602013309596082e+00 5.170658198961374907e+00 5.217503255622299996e+00 5.264107487402958085e+00 5.310439905900882884e+00 5.356468173817091838e+00 5.402158591447844493e+00 5.447476032573270288e+00 5.492383965958801184e+00 5.536844342864536195e+00 5.580817633985815540e+00 5.624262751154105011e+00 5.667137025724418464e+00 5.709396225753310183e+00 5.750994430405857116e+00 5.791884084623670326e+00 5.832015953635475647e+00 5.871339028597235554e+00 5.909800651583266173e+00 5.947346340970921297e+00 5.983919801598301724e+00 6.019463018000549503e+00 6.053916091519546683e+00 6.087217425024897821e+00 6.119303510982501138e+00 6.150109107507266692e+00 6.179567181608665472e+00 6.207608961872704612e+00 6.234163964848477235e+00 6.259476145470261876e+00 6.282843142280748694e+00 6.304500302169873116e+00 6.324369571738103879e+00 6.342371814553922071e+00 6.358426206680801940e+00 6.372451263411337052e+00
2.407313511582308330e+00 2.442119625027298291e+00 2.477273747787323011e+00 2.512774955621914774e+00 2.548633981125496994e+00 2.584826394290422158e+00 2.621362578688776424e+00 2.658241249159076780e+00 2.695461030526802748e+00 2.733020457000463477e+00 2.770917971266291691e+00 2.809151923785860649e+00 2.847720570819690877e+00 2.886622072392622584e+00 2.925854489925105106e+00 2.965415783295211050e+00 3.005303806305585912e+00 3.045516305739966789e+00 3.086050911945272368e+00 3.126905137892654452e+00 3.168076370417665100e+00 3.209561866793395168e+00 3.251358742572363347e+00 3.293463970573317301e+00 3.335874362513757685e+00 3.378586572708155877e+00 3.421597074252789472e+00 3.464902159147109195e+00 3.508497918415961703e+00 3.552380236811047087e+00 3.596578503665735393e+00 3.641021134564671247e+00 3.685736581433906256e+00 3.730719740781639260e+00 3.775965232843065067e+00 3.821467363248639781e+00 3.867220129017306718e+00 3.913217166122681334e+00 3.959451763932404944e+00 4.005916809767017916e+00 4.052604789679365993e+00 4.099507747122738799e+00 4.146617266841095883e+00 4.193924432108786959e+00 4.241419804084332057e+00 4.289093373251579244e+00 4.336934541078615979e+00 4.384932058910419705e+00 4.433073999571165658e+00 4.481347618851348358e+00 4.529739151959922161e+00 4.578233917105454687e+00 4.626816480380594676e+00 4.675470802777532242e+00 4.724180394018405060e+00 4.772928269306544458e+00 4.821696785672862084e+00 4.870467437962595625e+00 4.919220700364295595e+00 4.968035019156594068e+00 5.016691820366949273e+00 5.065265969315794869e+00 5.113733393401912686e+00 5.162068843992040357e+00 5.210245899123358448e+00 5.258236880077093112e+00 5.306012882073289916e+00 5.353543686769237198e+00 5.400797751812548064e+00 5.447742187410359982e+00 5.494342696515713165e+00 5.540563565989237382e+00 5.586367592774182711e+00 5.631716112117342021e+00 5.676568879012672042e+00 5.720884113872178212e+00 5.764618416445471460e+00 5.807726748409658413e+00 5.850162459526530689e+00 5.891877142712917070e+00 5.932820706639541974e+00 5.972941323463627050e+00 6.012185331209155770e+00 6.050497384099353226e+00 6.087820253820034111e+00 6.124094853099154356e+00 6.159260349612472041e+00 6.193253980688050220e+00 6.226011273710325256e+00 6.257465820830677039e+00 6.287549475906904384e+00 6.316192354735549408e+00 6.343639308225569096e+00 6.369188464165517871e+00 6.393075955668103383e+00 6.415223919882502734e+00 6.435553255114272453e+00 6.453983149973502087e+00 6.470432016888766569e+00 6.484816722795406108e+00
2.440640505250002867e+00 2.476069390007975990e+00 2.511855815991698826e+00 2.548010592187317513e+00 2.584509365098700773e+00 2.621362578688776424e+00 2.658569004103521927e+00 2.696127315569020855e+00 2.734036090307830236e+00 2.772293808152064720e+00 2.810898850673562155e+00 2.849849500006520486e+00 2.889143937995634737e+00 2.928780243823446927e+00 2.968756391658901261e+00 3.009070247979053203e+00 3.049719568278664195e+00 3.090701991918476832e+00 3.132015041466666538e+00 3.173656111801001600e+00 3.215622469625289526e+00 3.257911243612734875e+00 3.300519421079078253e+00 3.343443834300777961e+00 3.386681160264097823e+00 3.430227899830299965e+00 3.474080383238193903e+00 3.518234743076735338e+00 3.562686915694425860e+00 3.607466416957451738e+00 3.652501605420859221e+00 3.697821074975405242e+00 3.743419817904833025e+00 3.789292559129552540e+00 3.835433725244939751e+00 3.881837445674917397e+00 3.928497510147531013e+00 3.975407377051611402e+00 4.022560114958778854e+00 4.069948420630922215e+00 4.117564557329848718e+00 4.165400356920637925e+00 4.213447174494094227e+00 4.261695871073942321e+00 4.310136766647807427e+00 4.358759617631563721e+00 4.407553556460056754e+00 4.456507083030443184e+00 4.505608005387625070e+00 4.554843282895720158e+00 4.604198831612969833e+00 4.653659647658906273e+00 4.703209940822675961e+00 4.752833352766486108e+00 4.802513054876205167e+00 4.852231749165685670e+00 4.901971471079976439e+00 4.951713374269334444e+00 5.001536932350065356e+00 5.051223752310933790e+00 5.100849736600755691e+00 5.150391535931264642e+00 5.199824674376243294e+00 5.249123450283111225e+00 5.298260943966663916e+00 5.347209016758866618e+00 5.395938220124648410e+00 5.444417826995214149e+00 5.492615740042039896e+00 5.540498480240511725e+00 5.588031164567477838e+00 5.635177444279289460e+00 5.681899495086038421e+00 5.728157939291271816e+00 5.773911880005421438e+00 5.819118776330776122e+00 5.863734499942335532e+00 5.907713239467099697e+00 5.951007486957776038e+00 5.993568073906110349e+00 6.035344004435941656e+00 6.076282550176441255e+00 6.116329190615950928e+00 6.155427512703129267e+00 6.193519390196944308e+00 6.230544757289696811e+00 6.266441648191634073e+00 6.301146334601877008e+00 6.334593114521931412e+00 6.366714572740086453e+00 6.397753442571836757e+00 6.427019399781194409e+00 6.454746780466115830e+00 6.480860608993324945e+00 6.505284073285162449e+00 6.527938326437180194e+00 6.548742384387664650e+00 6.567614363774065822e+00 6.584470949981875876e+00 6.599228272662552186e+00
2.474267369752686463e+00 2.510326982561317699e+00 2.546765686598546186e+00 2.583559229893484854e+00 2.620718134917704223e+00 2.658241249159076780e+00 2.696127315569020855e+00 2.734374972694706418e+00 2.772982754713847253e+00 2.811949091142017298e+00 2.851272306212957020e+00 2.890950617716550930e+00 2.930982135525712184e+00 2.971364860598975088e+00 3.012096682168425410e+00 3.053175375049011819e+00 3.094598596629883236e+00 3.136363883210999681e+00 3.178468644186646763e+00 3.220910161743578470e+00 3.263685578260254960e+00 3.306791896440004930e+00 3.350225968219549433e+00 3.393984491608469156e+00 3.438063995297925057e+00 3.482460839350752124e+00 3.527171191577301634e+00 3.572191035177539220e+00 3.617549998485681151e+00 3.663176378944231093e+00 3.709098898299990399e+00 3.755312634262113480e+00 3.801812399747630078e+00 3.848592729003748047e+00 3.895647868156244087e+00 3.942971741084908111e+00 3.990557952197346658e+00 4.038399739248376363e+00 4.086489984307568157e+00 4.134821148557437986e+00 4.183385294208929572e+00 4.232174015854032412e+00 4.281178443896622277e+00 4.330389194666020458e+00 4.379796351645709684e+00 4.429389413199237957e+00 4.479157260410670638e+00 4.529088111261257765e+00 4.579169500957730676e+00 4.629388092152590062e+00 4.679729466262730675e+00 4.730178272866719880e+00 4.780718383805955263e+00 4.831333079362011063e+00 4.882005215257152919e+00 4.932717152049836074e+00 4.983548936436894117e+00 5.034286017053251072e+00 5.085005178502826517e+00 5.135685023549995343e+00 5.186302982089081581e+00 5.236835318947059115e+00 5.287257060659151797e+00 5.337542075820995713e+00 5.387662961576808129e+00 5.437591049079808947e+00 5.487296400031580035e+00 5.536747709509797666e+00 5.585912338364704688e+00 5.634756218476721479e+00 5.683243840387686596e+00 5.731338234441931689e+00 5.779000900055320855e+00 5.826191802318257729e+00 5.872869288343736116e+00 5.918990127704917725e+00 5.964509382538671467e+00 6.009380475883597583e+00 6.053555083620498323e+00 6.096983124998742731e+00 6.139612810799903286e+00 6.181390452396550828e+00 6.222260583589357630e+00 6.262165892382881793e+00 6.301047118168797034e+00 6.338843264203904759e+00 6.375491339635615873e+00 6.410926417955261414e+00 6.445081801029657775e+00 6.478201242092024081e+00 6.509594262823997113e+00 6.539496314910504537e+00 6.567833210069844441e+00 6.594528746302677824e+00 6.619504645691907108e+00 6.642680797521284930e+00 6.663975216177080441e+00 6.683304035669870302e+00 6.700582858884452264e+00 6.715726041176627525e+00
2.508193018767302718e+00 2.544902988057941684e+00 2.581978834485461949e+00 2.619431179090851103e+00 2.657258966957487090e+00 2.695461030526802748e+00 2.734036090307830236e+00 2.772982754713847253e+00 2.812299519986732221e+00 2.851984770041625872e+00 2.892036775947720351e+00 2.932453695056195020e+00 2.973233569517639285e+00 3.014374324488035661e+00 3.055873766992761809e+00 3.097729582625808664e+00 3.139939332493600244e+00 3.182500449877264881e+00 3.225410236163939182e+00 3.268665854267096105e+00 3.312264328817095205e+00 3.356202531618307727e+00 3.400477182555170952e+00 3.445084837116805687e+00 3.490021883481446707e+00 3.535284525209143602e+00 3.580868783075071615e+00 3.626804386217146181e+00 3.673019576534851893e+00 3.719543188976287329e+00 3.766370371879836032e+00 3.813496016845645098e+00 3.860914755320325131e+00 3.908620932470037612e+00 3.956608592688442005e+00 4.004871470092597363e+00 4.053402950898250978e+00 4.102196077991383305e+00 4.151243498580813096e+00 4.200537478011552750e+00 4.250069827094536734e+00 4.299831928255787972e+00 4.349814659157061669e+00 4.400008397415236416e+00 4.450402965699954194e+00 4.500987609262360856e+00 4.551750934536917370e+00 4.602680894772710474e+00 4.653764719666672711e+00 4.704988765061085765e+00 4.756338277446045204e+00 4.807797544264122536e+00 4.859350074676971332e+00 4.910978809542397627e+00 4.962666245322123082e+00 5.014493051573657212e+00 5.066244649001386158e+00 5.117998817273162970e+00 5.169734924876831172e+00 5.221431171590919185e+00 5.273064566696976208e+00 5.324610917161895607e+00 5.376044837795565634e+00 5.427339665139619740e+00 5.478467539078595294e+00 5.529399275953972293e+00 5.580104373324058287e+00 5.630551004812497595e+00 5.680705917833771323e+00 5.730534467174676294e+00 5.780000518524197162e+00 5.829066436759491765e+00 5.877693063638064430e+00 5.925839644681788698e+00 5.973463832256650896e+00 6.020521594909921781e+00 6.066967265855004676e+00 6.112753407663005234e+00 6.157830892342229134e+00 6.202148778073128810e+00 6.245654305384713112e+00 6.288292960757636330e+00 6.330008258676665278e+00 6.370741895258048793e+00 6.410433669811937740e+00 6.449021380050901975e+00 6.486441072318305245e+00 6.522934905541007744e+00 6.557823313687568323e+00 6.591340113367271769e+00 6.623413540021080514e+00 6.653970244089770780e+00 6.682934755811952066e+00 6.710229596408070485e+00 6.735775196173252155e+00 6.759489905866305826e+00 6.781290418500560691e+00 6.801091865467968844e+00 6.818807773627586499e+00 6.834351412824185346e+00
2.542428030412715589e+00 2.579772887290296524e+00 2.617505553125070605e+00 2.655625093581373886e+00 2.694130453455010787e+00 2.733020457000463477e+00 2.772293808152064720e+00 2.811949091142017298e+00 2.851984770041625872e+00 2.892399188458609771e+00 2.933190569178568019e+00 2.974357013401061067e+00 3.015896499594584057e+00 3.057806881662789689e+00 3.100085886802063762e+00 3.142731114232546918e+00 3.185740031372249259e+00 3.229109970392675333e+00 3.272838124503475221e+00 3.316921543468863476e+00 3.361357126195533507e+00 3.406141621540330178e+00 3.451271611551991025e+00 3.496743513335809794e+00 3.542553565027874551e+00 3.588697823213724991e+00 3.635206113702631914e+00 3.682006623052322070e+00 3.729128287243852480e+00 3.776566320984153347e+00 3.824315684570807949e+00 3.872371090776567826e+00 3.920726974411904653e+00 3.969377489840676621e+00 4.018316482155613656e+00 4.067537472044730151e+00 4.117033646226096799e+00 4.166797815949822237e+00 4.216822423531809250e+00 4.267099484278194410e+00 4.317620603358026443e+00 4.368376894852558756e+00 4.419359012442474643e+00 4.470557064455688234e+00 4.521960619782293023e+00 4.573558643727049677e+00 4.625339476448385057e+00 4.677290778419462391e+00 4.729399493638684504e+00 4.781651633729898876e+00 4.834032099776583102e+00 4.886524817922873964e+00 4.939112919845051408e+00 4.991778982584136770e+00 5.044604077277911713e+00 5.097373393296278365e+00 5.150165551505427430e+00 5.202960622075546659e+00 5.255737589825222322e+00 5.308474246898613913e+00 5.361147168086875858e+00 5.413731709237069367e+00 5.466201995453957352e+00 5.518530924969949680e+00 5.570690069703998049e+00 5.622649759854195572e+00 5.674378944815019921e+00 5.725845198482173437e+00 5.777014713032593285e+00 5.827852192757654315e+00 5.878320888609696482e+00 5.928382503372056966e+00 5.977997172066109144e+00 6.027123443927055568e+00 6.075718205896372126e+00 6.123736692659167424e+00 6.171132389486536418e+00 6.217857088891982187e+00 6.263860748606702167e+00 6.309091583929806291e+00 6.353495927575266045e+00 6.397018234054381303e+00 6.439601162122282396e+00 6.481185326007113723e+00 6.521709486059056537e+00 6.561414495209715092e+00 6.599631629740342120e+00 6.636593452030024487e+00 6.672230880573160938e+00 6.706472846093368467e+00 6.739246533601353839e+00 6.770477171074340106e+00 6.800088159553462575e+00 6.828000688605021296e+00 6.854133839678755002e+00 6.878404601821550557e+00 6.900728061884410458e+00 6.921017984803387257e+00 6.939186911600415897e+00 6.955145943010569987e+00
2.576947906455667514e+00 2.614946966620877777e+00 2.653344486994220652e+00 2.692139548214419253e+00 2.731331101957615193e+00 2.770917971266291691e+00 2.810898850673562155e+00 2.851272306212957020e+00 2.892036775947720351e+00 2.933190569178568019e+00 2.974731865893693428e+00 3.016658716194044576e+00 3.058969039265751810e+00 3.101660621940140139e+00 3.144731116470190102e+00 3.188178038024541472e+00 3.231998763308055800e+00 3.276190526122688240e+00 3.320750413515287658e+00 3.365675361683188260e+00 3.410962151045010327e+00 3.456607397905632872e+00 3.502607556032724556e+00 3.548958897375488863e+00 3.595691064992032171e+00 3.642733324992520227e+00 3.690114467210230842e+00 3.737829975104626445e+00 3.785875118422182606e+00 3.834244918883549236e+00 3.882934166663717601e+00 3.931937375815586222e+00 3.981248793605810743e+00 4.030862366624281101e+00 4.080771739400392839e+00 4.130970222561254346e+00 4.181450777018100418e+00 4.232206004308856961e+00 4.283228100814293171e+00 4.334508866396782345e+00 4.386039639981571092e+00 4.437811319671785881e+00 4.489814272638023240e+00 4.542038370621352961e+00 4.594472895320840244e+00 4.647106540330978142e+00 4.699927352078998588e+00 4.752922705344007070e+00 4.806079229150777010e+00 4.859382609700224620e+00 4.912817363130847603e+00 4.966367044379867757e+00 5.020112283409426723e+00 5.073840847773385399e+00 5.127631119598869525e+00 5.181464443921013796e+00 5.235321457211148832e+00 5.289181871163830984e+00 5.343024249474364495e+00 5.396825968282361607e+00 5.450563163321770155e+00 5.504210724729447612e+00 5.557742295621602935e+00 5.611130251714875783e+00 5.664345698846811494e+00 5.717358361710060954e+00 5.770136673054993004e+00 5.822647623361504543e+00 5.874856767806446278e+00 5.926728219360219541e+00 5.978224539981235708e+00 6.029306777690942809e+00 6.079934366334657447e+00 6.130065104773485984e+00 6.179655143288598218e+00 6.228658902527590691e+00 6.277029093313879926e+00 6.324716611492021912e+00 6.371670601772543741e+00 6.417838308229015354e+00 6.463165181052263897e+00 6.507594718340611983e+00 6.551068481253764730e+00 6.593526198565958119e+00 6.635210031467585701e+00 6.675451173482344736e+00 6.714483453163725635e+00 6.752238520941843625e+00 6.788646273996980618e+00 6.823634472784661398e+00 6.857128890665186383e+00 6.889053697616418503e+00 6.919330792278643116e+00 6.947880176439420019e+00 6.974619547621434101e+00 6.999464468336303646e+00 7.022328598347016282e+00 7.043124042525373163e+00 7.061761943914643957e+00 7.078152445885085520e+00
2.611762933394577768e+00 2.650423872326005181e+00 2.689494205715194486e+00 2.728973037422077308e+00 2.768859333703823200e+00 2.809151923785860649e+00 2.849849500006520486e+00 2.890950617716550930e+00 2.932453695056195020e+00 2.974357013401061067e+00 3.016658716194044576e+00 3.059356808126677318e+00 3.102449154335137571e+00 3.145933479084016771e+00 3.189807364019604297e+00 3.234068245531100061e+00 3.278713411824684787e+00 3.323740001452185400e+00 3.369144998212183495e+00 3.414925226859305329e+00 3.461077348610975157e+00 3.507597855747353943e+00 3.554483062254151893e+00 3.601762694355938432e+00 3.649365986868442491e+00 3.697321809375861967e+00 3.745625697575704294e+00 3.794272974386843078e+00 3.843258725418310817e+00 3.892577805698292703e+00 3.942224800878495028e+00 3.992194047609425755e+00 4.042479583132609022e+00 4.093075157423102794e+00 4.143974195445565556e+00 4.195169797047969773e+00 4.246654701740085969e+00 4.298421272145945160e+00 4.350461484193465012e+00 4.402766876589343070e+00 4.455328561674908983e+00 4.508137153993644120e+00 4.561182793793594925e+00 4.614455046811349881e+00 4.667942943866683514e+00 4.721634872449219422e+00 4.775518593690024183e+00 4.829581166068895648e+00 4.883808912107552302e+00 4.938187157996520860e+00 4.992700056370786399e+00 5.047428887881412862e+00 5.102161070257688280e+00 5.156975270004486411e+00 5.211852920182360016e+00 5.266775002893654190e+00 5.321721800956444426e+00 5.376672609544399961e+00 5.431605601721655852e+00 5.486497696681273517e+00 5.541324582706406154e+00 5.596060679737543175e+00 5.650679133623482286e+00 5.705151806219844524e+00 5.759449246665467648e+00 5.813540684284239646e+00 5.867393907000878706e+00 5.920975356315607563e+00 5.974249966679334278e+00 6.027181175077709341e+00 6.079730913547819249e+00 6.131859501454453465e+00 6.183525674892291768e+00 6.234686490545608528e+00 6.285297302423328070e+00 6.335311752345542224e+00 6.384681685683560204e+00 6.433357181878433195e+00 6.481286438419434859e+00 6.528415841403082176e+00 6.574689809461871093e+00 6.620050918086098690e+00 6.664740357798024206e+00 6.708099864261813039e+00 6.750362420477289405e+00 6.791462540844634077e+00 6.831332835531260805e+00 6.869903888894495658e+00 6.907104152230839844e+00 6.942860339009032877e+00 6.977097002758954503e+00 7.009736840373979483e+00 7.040700668458348410e+00 7.069906893142797522e+00 7.097271960418508385e+00 7.122709995196145449e+00 7.146133156902411798e+00 7.167452071686574833e+00 7.186576183544850061e+00 7.203414212835416386e+00
2.646871768135637737e+00 2.686202178326082546e+00 2.725953202048372326e+00 2.766123973417369708e+00 2.806713481883995609e+00 2.847720570819690877e+00 2.889143937995634737e+00 2.930982135525712184e+00 2.973233569517639285e+00 3.015896499594584057e+00 3.058969039265751810e+00 3.102449154335137571e+00 3.146334661786675646e+00 3.190623228748327822e+00 3.235312370876922916e+00 3.280399450258185023e+00 3.325881672310203374e+00 3.371756082422653567e+00 3.418019564416029166e+00 3.464668834709125456e+00 3.511700437562302213e+00 3.559110740167465536e+00 3.606929547241192857e+00 3.655086082414022997e+00 3.703609298675958339e+00 3.752494781865580276e+00 3.801737908761226414e+00 3.851333827202216398e+00 3.901277455154114726e+00 3.951563453188575270e+00 4.002186233420149897e+00 4.053139915686436723e+00 4.104418352364607614e+00 4.156015071433363239e+00 4.207923291798994825e+00 4.260135881253458656e+00 4.312645357825701353e+00 4.365443850769451295e+00 4.418523083207372970e+00 4.471874362069429232e+00 4.525488522325253449e+00 4.579355940129622660e+00 4.633466453650227912e+00 4.687809390052465552e+00 4.742373451897513803e+00 4.797146763629106303e+00 4.852116761116405996e+00 4.907270196967112419e+00 4.962593053716883418e+00 5.018070303506016572e+00 5.073784095765616620e+00 5.129521719090121223e+00 5.185362213951614230e+00 5.241287033063845691e+00 5.297277246694400255e+00 5.353313459536897412e+00 5.409375569401396966e+00 5.465442487085377721e+00 5.521491930823302141e+00 5.577500397171252011e+00 5.633443082322857620e+00 5.689293927880283874e+00 5.745025577926009319e+00 5.800609364472692597e+00 5.856015289487018549e+00 5.911211989779108222e+00 5.966166726825065325e+00 6.020845256099563336e+00 6.075211928707335396e+00 6.129229521407125958e+00 6.182859249556031500e+00 6.236060761462582924e+00 6.288792023465504144e+00 6.341009348206542384e+00 6.392667304813305584e+00 6.443718690570280572e+00 6.494114528172302947e+00 6.543803977313334741e+00 6.592734375750765707e+00 6.640851109901126037e+00 6.688097693331429561e+00 6.734716813189583817e+00 6.780050076109813695e+00 6.824331855211301701e+00 6.867497611030567661e+00 6.909480918294754304e+00 6.950213094681372716e+00 6.989623541306786869e+00 7.027639601223958365e+00 7.064186452051967713e+00 7.099187578008809396e+00 7.132564423897627570e+00 7.164236247421812642e+00 7.194120341012631314e+00 7.222131453614850649e+00 7.248182389786786750e+00 7.272183826851167154e+00 7.294044830435486126e+00 7.313673329048119065e+00 7.330976312462227362e+00
2.682272996503207718e+00 2.722280384838943856e+00 2.762719888865350359e+00 2.803590683897033475e+00 2.844891789563699369e+00 2.886622072392622584e+00 2.928780243823446927e+00 2.971364860598975088e+00 3.014374324488035661e+00 3.057806881662789689e+00 3.101660621940140139e+00 3.145933479084016771e+00 3.190623228748327822e+00 3.235727487050781281e+00 3.281243709272485987e+00 3.327169187918993742e+00 3.373501050257218914e+00 3.420236254718504565e+00 3.467371587066433669e+00 3.514903658817142063e+00 3.562828900594166015e+00 3.611177204088966253e+00 3.659877804968616033e+00 3.708959733837909667e+00 3.758418636184917005e+00 3.808249952869201760e+00 3.858448891025228367e+00 3.909010432198579466e+00 3.959929310036939043e+00 4.011200010152795592e+00 4.062816739274294875e+00 4.114773436720657429e+00 4.167063724962891236e+00 4.219680939468276826e+00 4.272618064465983245e+00 4.325867751850701381e+00 4.379422274349677124e+00 4.433273528510284223e+00 4.487412991431473763e+00 4.541831702499484535e+00 4.596520252931100892e+00 4.651468724214504746e+00 4.706666703569720944e+00 4.762103196122894566e+00 4.817766652137460248e+00 4.873644849060111639e+00 4.929724943058814368e+00 4.985993338794510343e+00 5.042435689415099453e+00 5.099135219038481104e+00 5.155879329969640601e+00 5.212747687876810865e+00 5.269721851151119019e+00 5.326782854391061583e+00 5.383911399762138394e+00 5.441087723545821042e+00 5.498291321023419442e+00 5.555500683049571009e+00 5.612693108632303307e+00 5.669844601277005403e+00 5.726929904035142016e+00 5.783922431462602987e+00 5.840794318150937414e+00 5.897516361626636616e+00 5.954057999979956328e+00 6.010387287811354895e+00 6.066470856448320959e+00 6.122273901783717776e+00 6.177760045774123299e+00 6.232891445253618379e+00 6.287628613534980815e+00 6.341930440095555177e+00 6.395754175899592830e+00 6.449055321322403778e+00 6.501787651804109558e+00 6.553903135331019314e+00 6.605351899495500057e+00 6.656082235876915831e+00 6.706040505097311311e+00 6.755468657678836308e+00 6.803718541878989612e+00 6.851023913861181924e+00 6.897323205192260609e+00 6.942552918681387908e+00 6.986647402217395886e+00 7.029538910476151869e+00 7.071157797991911131e+00 7.111432094834612805e+00 7.150287912539226909e+00 7.187649278661080388e+00 7.223438046253551903e+00 7.257574591376816819e+00 7.289976865912095150e+00 7.320560500063616693e+00 7.349239097418377220e+00 7.375923655293793679e+00 7.400523467799313693e+00 7.422946093910568699e+00 7.443097856182546934e+00 7.460884198782731680e+00
2.717965131367980014e+00 2.758656913241099851e+00 2.799792597821880946e+00 2.841371408562951562e+00 2.883392407076528219e+00 2.925854489925105106e+00 2.968756391658901261e+00 3.012096682168425410e+00 3.055873766992761809e+00 3.100085886802063762e+00 3.144731116470190102e+00 3.189807364019604297e+00 3.235312370876922916e+00 3.281243709272485987e+00 3.327598780476686446e+00 3.374374813236539872e+00 3.421568861490383640e+00 3.469177801513126269e+00 3.517198327773646493e+00 3.565626948595287615e+00 3.614493652664632517e+00 3.663727709457080817e+00 3.713358236474845420e+00 3.763380951205124170e+00 3.813791357316064889e+00 3.864584731523803107e+00 3.915756130228885024e+00 3.967300356245332615e+00 4.019211969278758900e+00 4.071485260902288239e+00 4.124114255355060266e+00 4.177092674991206067e+00 4.230413954648090780e+00 4.284071185935383497e+00 4.338057152731034094e+00 4.392364258814182243e+00 4.446984550751400533e+00 4.501909665726895327e+00 4.557130836337608848e+00 4.612638842541874951e+00 4.668423992355345220e+00 4.724476110802796391e+00 4.780784471968532401e+00 4.837337815951768150e+00 4.894124250049568303e+00 4.951131289072195685e+00 5.008345715948093080e+00 5.065851206372659732e+00 5.123439222183513664e+00 5.181190219558684085e+00 5.239087132578203132e+00 5.297111883528455856e+00 5.355245602240534808e+00 5.413468941910640098e+00 5.471762192685589277e+00 5.530105215338337210e+00 5.588477110898457667e+00 5.646855929848228151e+00 5.705218512754073323e+00 5.763540410237853351e+00 5.821795835247181472e+00 5.879957719463619448e+00 5.937997634743251929e+00 5.995885836957596027e+00 6.053591195385788382e+00 6.111081164979685454e+00 6.168321757868327815e+00 6.225277500195026015e+00 6.281911418903749933e+00 6.338184896645713273e+00 6.394057787831782136e+00 6.449488235878075848e+00 6.504432688947675345e+00 6.558845884129334891e+00 6.612680741093038606e+00 6.665888380797721169e+00 6.718418055593835980e+00 6.770217109120111765e+00 6.821529069867664496e+00 6.871705529567959658e+00 6.920981852295102321e+00 6.969297456434834892e+00 7.016589767777552389e+00 7.062794054670802346e+00 7.107843622470201517e+00 7.151669557895916185e+00 7.194200811889254865e+00 7.235364431169992727e+00 7.275085073118916057e+00 7.313285485943046282e+00 7.349886331412293750e+00 7.384806273780761821e+00 7.417962179614975504e+00 7.449268303898100463e+00 7.478636475696533559e+00 7.505976515146167927e+00 7.531195801426876280e+00 7.554200464666290138e+00 7.574895317783889581e+00 7.593184159476365380e+00
2.753946607849672823e+00 2.795330104237092606e+00 2.837169573360916353e+00 2.879464297861903610e+00 2.922213388045199700e+00 2.965415783295211050e+00 3.009070247979053203e+00 3.053175375049011819e+00 3.097729582625808664e+00 3.142731114232546918e+00 3.188178038024541472e+00 3.234068245531100061e+00 3.280399450258185023e+00 3.327169187918993742e+00 3.374374813236539872e+00 3.422013497814714089e+00 3.470082228299372407e+00 3.518577803724240116e+00 3.567496832237185611e+00 3.616869409417184489e+00 3.666624864694486341e+00 3.716792413100256542e+00 3.767367854070424293e+00 3.818346770119329214e+00 3.869724520569672421e+00 3.921496233994214542e+00 3.973656793542927890e+00 4.026200845471609391e+00 4.079122761158093802e+00 4.132416650304248762e+00 4.186076332880861450e+00 4.240095341005529761e+00 4.294466880281956556e+00 4.349183847435417860e+00 4.404238767618160466e+00 4.459623836211655146e+00 4.515330837417282694e+00 4.571351171533647673e+00 4.627675796847259271e+00 4.684295236392530981e+00 4.741199524524859044e+00 4.798378186409334667e+00 4.855820226118154892e+00 4.913514049776289028e+00 4.971447487560773482e+00 5.029607689184338426e+00 5.088078952264460497e+00 5.146652726837330327e+00 5.205410451271796468e+00 5.264335875960275857e+00 5.323411517048511676e+00 5.382618845920055684e+00 5.441938581814682152e+00 5.501350961465512945e+00 5.560835904181850253e+00 5.620372845313839960e+00 5.679940481653501294e+00 5.739516431515549577e+00 5.799077054575213275e+00 5.858597406150824582e+00 5.918051214522381365e+00 5.977410844457813788e+00 6.036647354934678411e+00 6.095730401894337902e+00 6.154628279344970920e+00 6.213307837199528727e+00 6.271734450211174483e+00 6.329871986191301758e+00 6.387682760667307669e+00 6.445127523312754292e+00 6.502165307456833965e+00 6.558753556292466591e+00 6.614847925139581974e+00 6.670402302435744168e+00 6.725368793006589740e+00 6.779697617717642011e+00 6.833337124673644070e+00 6.886532443880201804e+00 6.938634903036887458e+00 6.989881472286786135e+00 7.040212560921935037e+00 7.089566589005189101e+00 7.137879814007169976e+00 7.185086444840761644e+00 7.231118476948962481e+00 7.275905915817604708e+00 7.319376487692151656e+00 7.361455747012502826e+00 7.402067351575110088e+00 7.441132507519196082e+00 7.478570550102716652e+00 7.514298933828300164e+00 7.548232704741887567e+00 7.580285003281025169e+00 7.610366209328724985e+00 7.638384245619978863e+00 7.664245295173373940e+00 7.687853479622819286e+00 7.709112155946759692e+00 7.727923622874074638e+00
