2.592460024777272665e+00 2.629123764501165805e+00 2.666132857442488291e+00 2.703486026821735777e+00 2.741181910326863314e+00 2.779219059746087961e+00 2.817595940880561312e+00 2.856310932268439906e+00 2.895362323887017642e+00 2.934758602727421728e+00 2.974477447463333757e+00 3.014527013512291020e+00 3.054905217558212982e+00 3.095609871876419561e+00 3.136638685496175416e+00 3.177989256051260814e+00 3.219659068742792840e+00 3.261645484038992127e+00 3.303945740658784658e+00 3.346556935291991941e+00 3.389476033230811147e+00 3.432699840941812131e+00 3.476225013088379168e+00 3.520048031250756271e+00 3.564165204277044641e+00 3.608572648436731534e+00 3.653266278001459977e+00 3.698241802409244272e+00 3.743494694463519679e+00 3.789020203422237554e+00 3.834813308361437745e+00 3.880868743721064273e+00 3.927180931603751812e+00 3.973744023466557085e+00 4.020551829260484489e+00 4.067597841019910732e+00 4.114904875644623594e+00 4.162406715335694507e+00 4.210125011617559920e+00 4.258051704404373972e+00 4.306178267483370625e+00 4.354495721908180350e+00 4.402994568468492353e+00 4.451664751459407654e+00 4.500495635423609642e+00 4.549475950188609730e+00 4.598593713640133807e+00 4.647836200732630374e+00 4.697189791338085563e+00 4.746639795795649874e+00 4.796169859420619908e+00 4.845762353977058901e+00 4.895398830288000269e+00 4.945060594893299744e+00 4.994729165867400233e+00 5.044386283728076847e+00 5.094013581632076182e+00 5.143592004556027497e+00 5.193101416510238266e+00 5.242520408087621320e+00 5.291826250886966676e+00 5.340994921478801061e+00 5.390001156808364335e+00 5.438818455356797976e+00 5.487419106270257529e+00 5.535774148655346671e+00 5.583942019077708707e+00 5.631715223520445512e+00 5.679148376963466305e+00 5.726207298802817647e+00 5.772856473161342095e+00 5.819058888707491661e+00 5.864776025727937991e+00 5.909967922459456346e+00 5.954592876213419927e+00 5.998607635288347062e+00 6.041967242175594777e+00 6.084624951350332545e+00 6.126532450658973339e+00 6.167639482210558910e+00 6.207893914495786092e+00 6.247241864732918870e+00 6.285627333587009424e+00 6.322992499650255560e+00 6.359277470398074783e+00 6.394420259586875765e+00 6.428356855208760656e+00 6.461021178574561041e+00 6.492345167267761674e+00 6.522258665209991868e+00 6.550689132701615236e+00 6.577562550263571950e+00 6.602802313396949785e+00 6.626329531859369126e+00 6.648062067830862176e+00 6.667915302818030909e+00 6.685802666621203372e+00 6.701635003543619185e+00 6.715323219266210231e+00 6.726776082536481738e+00
2.629123764501165805e+00 2.666459743978917718e+00 2.704150527688099270e+00 2.742194794028475879e+00 2.780591129226000824e+00 2.819338027027608273e+00 2.858433888127463351e+00 2.897877020046482066e+00 2.937675929973394329e+00 2.977808291596522050e+00 3.018282273203960475e+00 3.059095792838503858e+00 3.100246663841120132e+00 3.141732596266758382e+00 3.183551185811906770e+00 3.225699916004655776e+00 3.268176148787458324e+00 3.310977124062354005e+00 3.354099945463806964e+00 3.397541585022947341e+00 3.441298859460025117e+00 3.485368444334432159e+00 3.529746842120294659e+00 3.574430391784748640e+00 3.619415244636504880e+00 3.664697366208610418e+00 3.710272514029033797e+00 3.756136228048559289e+00 3.802283828697297086e+00 3.848710381158159333e+00 3.895410712142157283e+00 3.942379357151540642e+00 3.989610591580687426e+00 4.037098353910287152e+00 4.084836295293635899e+00 4.132847464699025863e+00 4.181065674688721145e+00 4.229512850689472359e+00 4.278181156062308865e+00 4.327062313258836390e+00 4.376147598695027341e+00 4.425427784896887040e+00 4.474893153449401417e+00 4.524533419138780488e+00 4.574337688135926783e+00 4.624294428544751590e+00 4.674391406763844792e+00 4.724615575375398890e+00 4.774953051162795781e+00 4.825388786828844090e+00 4.875906039430594419e+00 4.926486733933328921e+00 4.977111967818690808e+00 5.027762614760201920e+00 5.078419803914600017e+00 5.129064961843033288e+00 5.179679375087549609e+00 5.230243674069902760e+00 5.280737357018182365e+00 5.331138614044444779e+00 5.381424289115652293e+00 5.431569910314938632e+00 5.481549721746951320e+00 5.531336733896496938e+00 5.580902700219271928e+00 5.630306995860975938e+00 5.679342352552616546e+00 5.728064379813872620e+00 5.776439660405564780e+00 5.824433413061733233e+00 5.872009404027891399e+00 5.919130018766861845e+00 5.965756048867479677e+00 6.011846702106624640e+00 6.057359684681578926e+00 6.102250868994512523e+00 6.146474529185496749e+00 6.189983170650638300e+00 6.232727442022855335e+00 6.274656378676898072e+00 6.315716972685725850e+00 6.355854263298491347e+00 6.395011483912678152e+00 6.433129662335785426e+00 6.470147962049526136e+00 6.506003419904609508e+00 6.540630919447054659e+00 6.573963286247385795e+00 6.605931251027052475e+00 6.636463540020487883e+00 6.665486800678758428e+00 6.692925317114145400e+00 6.718701493974942096e+00 6.742734936297281934e+00 6.764942725142454982e+00 6.785238580781342677e+00 6.803534061072894268e+00 6.819739422218622948e+00 6.834054695190107331e+00 6.845809978134937523e+00
2.666132857442488291e+00 2.704150527688099270e+00 2.742532759088727179e+00 2.781278189859457850e+00 2.820385358907167017e+00 2.859852705793774597e+00 2.899678570203841232e+00 2.939871491123262626e+00 2.980409153968454739e+00 3.021299748617876535e+00 3.062541205921537557e+00 3.104131350205267648e+00 3.146067896732461566e+00 3.188348446649865053e+00 3.230970489288760739e+00 3.273931388923944308e+00 3.317228388251219240e+00 3.360858597506059198e+00 3.404818994746634520e+00 3.449106409395386486e+00 3.493717528912153369e+00 3.538648871329280521e+00 3.583896803354726934e+00 3.629457503125466111e+00 3.675326973079528603e+00 3.721501012466372771e+00 3.767975221041428568e+00 3.814744974135978683e+00 3.861805412977028951e+00 3.909151443774524726e+00 3.956777697598947707e+00 4.004678551316709800e+00 4.052848068019269334e+00 4.101280034308300237e+00 4.149997711821231228e+00 4.198934942437050566e+00 4.248113890987409214e+00 4.297526917184249839e+00 4.347165960914209037e+00 4.397022542296446623e+00 4.447087705496092447e+00 4.497352012405139376e+00 4.547805478027974857e+00 4.598437581896358317e+00 4.649237182778558797e+00 4.700192470137351641e+00 4.751290926561504868e+00 4.802519220267405409e+00 4.853863141235450485e+00 4.905307323891399562e+00 4.956834578861290197e+00 5.008426387305349614e+00 5.060063373396904041e+00 5.111725970900796057e+00 5.163394916556020675e+00 5.215051285353789368e+00 5.266676059158114320e+00 5.318249500662397544e+00 5.369750752762866064e+00 5.421157592853379725e+00 5.472446423220658218e+00 5.523592299384574744e+00 5.574568985118962594e+00 5.625436851635697622e+00 5.675992551180311096e+00 5.726292734489089931e+00 5.776306068064793742e+00 5.825999869766032013e+00 5.875340140350530760e+00 5.924291437182964692e+00 5.972816888524675960e+00 6.020878115188100566e+00 6.068435276782926380e+00 6.115446851886169100e+00 6.161869658557619367e+00 6.207658957073178385e+00 6.252768087242883688e+00 6.297148749156584735e+00 6.340750807395060917e+00 6.383522190650146477e+00 6.425409162527388141e+00 6.466355842185278924e+00 6.506304320510346351e+00 6.545194835680072210e+00 6.582965334958298165e+00 6.619551867193034234e+00 6.654888306165869238e+00 6.688906318917810623e+00 6.721535491169216670e+00 6.752703293172403143e+00 6.782335211520658547e+00 6.810354734272140220e+00 6.836682460119823723e+00 6.861236949727732792e+00 6.883933685772271716e+00 6.904685567551442027e+00 6.923402396922416990e+00 6.940284206620776608e+00 6.954660194059052003e+00 6.966723117196928605e+00
2.703486026821735777e+00 2.742194794028475879e+00 2.781278189859457850e+00 2.820734817532243088e+00 2.860563173433933848e+00 2.900761647193542458e+00 2.941338825143120062e+00 2.982272422997965133e+00 3.023570664083865100e+00 3.065231505634363085e+00 3.107252793552043979e+00 3.149632260381306725e+00 3.192367523140010821e+00 3.235456080509719445e+00 3.278895306997254622e+00 3.322682456340523061e+00 3.366814645720978216e+00 3.411288860830597347e+00 3.456101943302352986e+00 3.501250591863472650e+00 3.546731343436306361e+00 3.592540582270046468e+00 3.638674507801663349e+00 3.685129157617953677e+00 3.731900364165153139e+00 3.778983771416681403e+00 3.826374803587405005e+00 3.874068670968277672e+00 3.922060341936363326e+00 3.970344533213949312e+00 4.018915710121818030e+00 4.067768041544577606e+00 4.116895425512273832e+00 4.166321330536443490e+00 4.215979608976177850e+00 4.265892644532115696e+00 4.316052986491641263e+00 4.366452757762456116e+00 4.417083692564978570e+00 4.467937072784907038e+00 4.519003727599026909e+00 4.570273970558275778e+00 4.621737591282207624e+00 4.673383783110206302e+00 4.725201151638112940e+00 4.777177618852020302e+00 4.829300363856409817e+00 4.881555741181634822e+00 4.933929252984539104e+00 4.986405139622037908e+00 5.038965806800034031e+00 5.091592230514199180e+00 5.144264567097448726e+00 5.196962793111800316e+00 5.249667249302111927e+00 5.302358657636756512e+00 5.355017657235173090e+00 5.407624181697709531e+00 5.460156964091089193e+00 5.512593378238857866e+00 5.564909367320313827e+00 5.617079506762451047e+00 5.669165183293527477e+00 5.720963294283583522e+00 5.772531445320856491e+00 5.823839029438280690e+00 5.874854104687047496e+00 5.925543399772152497e+00 5.975872231323428707e+00 6.025804541497240763e+00 6.075302759088196503e+00 6.124327828954837294e+00 6.172839095147489630e+00 6.220794374403059379e+00 6.268149713303221127e+00 6.314859422583673165e+00 6.360876210440336465e+00 6.406150781716842602e+00 6.450632158806341998e+00 6.494267450881419101e+00 6.537001743106602092e+00 6.578778405279908981e+00 6.619538563154267585e+00 6.659221244737566714e+00 6.697763586910368439e+00 6.735100354243384047e+00 6.771164387919116123e+00 6.805886313636482221e+00 6.839194503300620731e+00 6.871015232277989604e+00 6.901272684890712661e+00 6.929889170382488750e+00 6.956784469352457201e+00 6.981875212047303769e+00 7.005075771333238777e+00 7.026584216984745446e+00 7.045740577321898179e+00 7.062733506195137956e+00 7.077468658783864441e+00 7.089851496150496146e+00
2.741181910326863314e+00 2.780591129226000824e+00 2.820385358907167017e+00 2.860563173433933848e+00 2.901123032052309814e+00 2.942073584946525155e+00 2.983392600178514265e+00 3.025088350807013438e+00 3.067158835656775384e+00 3.109601936116736187e+00 3.152415416103274914e+00 3.195596919128186109e+00 3.239143965998679597e+00 3.283053952431833622e+00 3.327324145960803836e+00 3.371951679204800101e+00 3.416933554633557080e+00 3.462266625800674014e+00 3.507947604326044022e+00 3.553973045392714081e+00 3.600339350164884600e+00 3.647042743807379583e+00 3.694079287488098551e+00 3.741444841103738206e+00 3.789135091837572578e+00 3.837145503936896240e+00 3.885471339794261514e+00 3.934107624354680866e+00 3.983049153450824331e+00 4.032290462347411619e+00 4.081825815986678485e+00 4.131678784489596801e+00 4.181784297963706543e+00 4.232164922323601530e+00 4.282813681663509620e+00 4.333723287310554007e+00 4.384886026825326688e+00 4.436293842115798469e+00 4.487938214748558252e+00 4.539810208534601266e+00 4.591900398463391930e+00 4.644198869192652346e+00 4.696695144410531597e+00 4.749378175548488734e+00 4.802236260632072096e+00 4.855257048345674065e+00 4.908427422927051254e+00 4.961733413004886906e+00 5.015160194169148156e+00 5.068691649700289403e+00 5.122309699796199212e+00 5.175994858303244683e+00 5.229726752503768061e+00 5.283484911493211200e+00 5.337249266613318888e+00 5.391000184411839591e+00 5.444717958902829835e+00 5.498382154644942510e+00 5.551971129054123821e+00 5.605461798093022807e+00 5.658916844486684639e+00 5.712137151095589616e+00 5.765181467981787655e+00 5.818021201073311666e+00 5.870626468557482269e+00 5.922966041067851073e+00 5.975007392728922895e+00 6.026716605220459932e+00 6.078058371209995592e+00 6.128995902342375679e+00 6.179490977741389557e+00 6.229503804583912618e+00 6.278993009724414875e+00 6.327915539507033671e+00 6.376226748571157010e+00 6.423880132085831640e+00 6.470827384102020297e+00 6.517018560712635633e+00 6.562401625411009576e+00 6.606922807912482654e+00 6.650526337536372345e+00 6.693154329319727758e+00 6.734747140072411931e+00 6.775242786550183638e+00 6.814577124759629179e+00 6.852684090174521181e+00 6.889495169041907729e+00 6.924939909434178809e+00 6.958945612002580994e+00 6.991437281901768053e+00 7.022337860731846071e+00 7.051568337709503531e+00 7.079047251393410178e+00 7.104972641794510047e+00 7.128696940997539144e+00 7.150407895059743169e+00 7.170012671783127622e+00 7.187416907414728939e+00 7.202524390174961155e+00 7.215238493928437080e+00
2.779219059746087961e+00 2.819338027027608273e+00 2.859852705793774597e+00 2.900761647193542458e+00 2.942073584946525155e+00 2.983766363336240790e+00 3.025848322050052275e+00 3.068317520519708630e+00 3.111171894526385984e+00 3.154409254824651843e+00 3.198027285543159959e+00 3.242023544262181201e+00 3.286395458514052681e+00 3.331140323194938357e+00 3.376255297960076174e+00 3.421737403833411406e+00 3.467583515464697452e+00 3.513790367538256909e+00 3.560354532491336599e+00 3.607272429986077000e+00 3.654540310129171132e+00 3.702154257111708979e+00 3.750110163965815868e+00 3.798403747953005283e+00 3.847030507369644248e+00 3.895985756589164684e+00 3.945264567932170507e+00 3.994861797839909023e+00 4.044772046405585186e+00 4.094989668601528798e+00 4.145538373191880233e+00 4.196353079565312783e+00 4.247456520053978224e+00 4.298841847812565398e+00 4.350501908419110109e+00 4.402429154705358449e+00 4.454615706261438213e+00 4.507053224420755733e+00 4.559733001345947834e+00 4.612645831128828533e+00 4.665782057111315773e+00 4.719131492447652398e+00 4.772683416537569556e+00 4.826426495558121310e+00 4.880348767003235722e+00 4.934437548567669474e+00 4.988679421614220288e+00 5.043060105216746081e+00 5.097564425923462927e+00 5.152175868319579521e+00 5.206875901860128941e+00 5.261644496347726019e+00 5.316460795739176959e+00 5.371303824598074428e+00 5.426153118369827943e+00 5.480988676636429524e+00 5.535790443811829498e+00 5.590537610063216256e+00 5.645208115996274145e+00 5.699865879856308659e+00 5.754312222016268130e+00 5.808606974354528774e+00 5.862722324340400526e+00 5.916629128941662152e+00 5.970296900261172546e+00 6.023693842879681348e+00 6.076786760876281335e+00 6.129541118866439930e+00 6.181920921957900994e+00 6.233888721507733877e+00 6.285405516845389506e+00 6.336430831263116126e+00 6.386922512943312036e+00 6.436836746722939928e+00 6.486127958776202185e+00 6.534748922107834090e+00 6.582650470068299953e+00 6.629781577201932841e+00 6.676089543664645021e+00 6.721519473104139664e+00 6.766014677349431850e+00 6.809516378449451679e+00 6.851963597568579978e+00 6.893293564807959406e+00 6.933441077989241030e+00 6.972338717980954392e+00 7.009917125699491436e+00 7.046104421047462374e+00 7.080826781738783993e+00 7.114008113854047188e+00 7.145570033762977502e+00 7.175432270749170449e+00 7.203794350025166437e+00 7.230010599146743822e+00 7.254270309988037901e+00 7.276481272899713026e+00 7.296549413751533208e+00 7.314378513282442817e+00 7.329871567390912723e+00 7.342930052944726782e+00
2.817595940880561312e+00 2.858433888127463351e+00 2.899678570203841232e+00 2.941338825143120062e+00 2.983392600178514265e+00 3.025848322050052275e+00 3.068704131522961731e+00 3.111958037840370839e+00 3.155607918287401059e+00 3.199651517390471600e+00 3.244086445195931478e+00 3.288910175356978272e+00 3.334120045383893949e+00 3.379713252498021792e+00 3.425686850739427136e+00 3.472037748142482450e+00 3.518762703035998474e+00 3.565858315102909515e+00 3.613321033866447429e+00 3.661147132441684882e+00 3.709332719630974218e+00 3.757873720639540505e+00 3.806765882330961137e+00 3.856004744191928957e+00 3.905585657661539756e+00 3.955503736190295605e+00 4.005753897746877179e+00 4.056330797701555468e+00 4.107228860830636208e+00 4.158471926094823523e+00 4.209994904515309777e+00 4.261820669619996060e+00 4.313942494300175845e+00 4.366353344346063814e+00 4.419045815067567773e+00 4.472012173636146670e+00 4.525244263436391634e+00 4.578733572033891086e+00 4.632471090671969272e+00 4.686447414888649909e+00 4.740652599883770968e+00 4.795076212203213117e+00 4.849707240866583113e+00 4.904534090591848638e+00 4.959544492291102280e+00 5.014725481846395105e+00 5.070063275801633296e+00 5.125543282343843821e+00 5.181149985528971769e+00 5.236866445863334718e+00 5.292673637151441568e+00 5.348551020412736001e+00 5.404477176807516159e+00 5.460430676583631460e+00 5.516390607271679514e+00 5.572336615323417952e+00 5.628248282521215451e+00 5.684104416386515979e+00 5.739970201840711717e+00 5.795647512965960146e+00 5.851197350422278731e+00 5.906592745850763215e+00 5.961805346280907969e+00 6.016805422233038492e+00 6.071561904229410445e+00 6.126042342829955523e+00 6.180212949297647640e+00 6.234038467132724470e+00 6.287482250154670993e+00 6.340506119521763573e+00 6.393070376445654901e+00 6.445133713656375107e+00 6.496653258758660066e+00 6.547584374311975708e+00 6.597880678532225041e+00 6.647493954433756791e+00 6.696374283872381206e+00 6.744469735158273416e+00 6.791726456387472410e+00 6.838088875509580333e+00 6.883499106904054088e+00 6.927897416396636032e+00 6.971221894557649179e+00 7.013408350442350780e+00 7.054390779919794241e+00 7.094100658147794114e+00 7.132467194666957333e+00 7.169417650766972017e+00 7.204876700197768713e+00 7.238767080641623330e+00 7.271287343702711681e+00 7.301804217794890306e+00 7.330507235289961621e+00 7.357309396848005889e+00 7.382120706502360186e+00 7.404848020495590433e+00 7.425394884076685464e+00 7.443663811684988474e+00 7.459555913291315399e+00 7.472971938579443751e+00
2.856310932268439906e+00 2.897877020046482066e+00 2.939871491123262626e+00 2.982272422997965133e+00 3.025088350807013438e+00 3.068317520519708630e+00 3.111958037840370839e+00 3.156007867839177639e+00 3.200464834826821203e+00 3.245326621730468819e+00 3.290590769068637123e+00 3.336254672846530323e+00 3.382315582302747092e+00 3.428770600401579660e+00 3.475616678950795624e+00 3.522850615388887885e+00 3.570469049712812204e+00 3.618468460472216819e+00 3.666845154668073814e+00 3.715595278456096384e+00 3.764714786209251596e+00 3.814199455973301678e+00 3.864044867270562733e+00 3.914246408229173468e+00 3.964799242245496735e+00 4.015698331871207394e+00 4.066938381211699038e+00 4.118513886969774163e+00 4.170448804327428149e+00 4.222678021904224366e+00 4.275224546362196953e+00 4.328081765528238201e+00 4.381242742429584780e+00 4.434700205715214061e+00 4.488446555558945228e+00 4.542473792775447272e+00 4.596773567551385220e+00 4.651337072216779056e+00 4.706155118033865214e+00 4.761217977639137899e+00 4.816515497575415417e+00 4.872036936300091270e+00 4.927771019609219927e+00 4.983705841171397921e+00 5.039828851157068357e+00 5.096126753467821402e+00 5.152585454324867698e+00 5.209189987421927626e+00 5.265924486521095460e+00 5.322771589515399526e+00 5.379711747107267961e+00 5.436723867414079869e+00 5.493786006752939599e+00 5.550876207832684095e+00 5.607973163879767853e+00 5.665056118020675768e+00 5.722191025375761519e+00 5.779184024021404298e+00 5.836097754849627783e+00 5.892907754891616889e+00 5.949588014409409098e+00 6.006111034759020306e+00 6.062447881261618043e+00 6.118568240124635516e+00 6.174440413658355276e+00 6.230031338717935796e+00 6.285306521536898394e+00 6.340230086473029658e+00 6.394764611148910483e+00 6.448871230105872598e+00 6.502509469570637357e+00 6.555637286492830285e+00 6.608210922630511241e+00 6.660184980864339188e+00 6.711512212071459871e+00 6.762143542591298129e+00 6.812028000048373499e+00 6.861112873710551341e+00 6.909343359399569451e+00 6.956662658479366712e+00 7.003012199304209595e+00 7.048330974400814242e+00 7.092556079078766729e+00 7.135622354163105641e+00 7.177462284542596826e+00 7.218006531058631658e+00 7.257183149629137908e+00 7.294917890330087751e+00 7.331134558475351781e+00 7.366032577453414554e+00 7.398979121738321396e+00 7.430165416597879435e+00 7.459505868522238181e+00 7.486912062899619968e+00 7.512292443179338086e+00 7.535552350074297578e+00 7.556594367580255600e+00 7.575318507552046832e+00 7.591624626935634446e+00 7.605411573252554014e+00
2.895362323887017642e+00 2.937675929973394329e+00 2.980409153968454739e+00 3.023570664083865100e+00 3.067158835656775384e+00 3.111171894526385984e+00 3.155607918287401059e+00 3.200464834826821203e+00 3.245740421732550729e+00 3.291432306053432733e+00 3.337537963477962943e+00 3.384054717070308360e+00 3.430979734740225329e+00 3.478310026621139972e+00 3.526042445885923637e+00 3.574173683010892333e+00 3.622700262198276455e+00 3.671618538242548357e+00 3.720924692116519328e+00 3.770614719291636163e+00 3.820684443303720812e+00 3.871129479438044196e+00 3.921945254083228249e+00 3.973126979217319832e+00 4.024669661715295277e+00 4.076568065145584896e+00 4.128816738889834248e+00 4.181439743265404019e+00 4.234371956429641592e+00 4.287636503601814475e+00 4.341226863214204812e+00 4.395136192166260614e+00 4.449357348328286221e+00 4.503882840001510068e+00 4.558704816414612893e+00 4.613815075076131755e+00 4.669204982588436081e+00 4.724865530027034133e+00 4.780787212952504639e+00 4.836960117209237353e+00 4.893373742661353276e+00 4.950017127795424798e+00 5.006878668656059794e+00 5.063946177106371849e+00 5.121206769523783287e+00 5.178646843331703664e+00 5.236251949495811964e+00 5.294006795945454869e+00 5.351895100201279121e+00 5.409899062576732476e+00 5.467998609546784294e+00 5.526172070849820095e+00 5.584396938022025303e+00 5.642650769473900318e+00 5.700911796586863645e+00 5.759245867695202747e+00 5.817459079691326806e+00 5.875615237872389152e+00 5.933690963826285802e+00 5.991661300042974148e+00 6.049499703780668369e+00 6.107178113171883638e+00 6.164667015144036810e+00 6.221935479133060554e+00 6.278951178011606515e+00 6.335680377550451325e+00 6.392087938267539293e+00 6.448137224615185126e+00 6.503790169112548369e+00 6.559007070624345737e+00 6.613746732424822028e+00 6.667966291249912913e+00 6.721621212624302011e+00 6.774665153485744717e+00 6.827050064904589100e+00 6.878725959287234737e+00 6.929640957526001621e+00 6.979741228278959042e+00 7.028971162650205606e+00 7.077272962459128181e+00 7.124586750129162205e+00 7.170850824203640173e+00 7.216000926446064057e+00 7.259970863553814269e+00 7.302692114908483134e+00 7.344093735810241164e+00 7.384102958960950147e+00 7.422918543074915831e+00 7.459918574440705719e+00 7.495293350118541476e+00 7.528960495032468891e+00 7.560836076339788825e+00 7.590833361008308522e+00 7.618862412099938197e+00 7.644830155083345069e+00 7.668640263778676136e+00 7.690193716817542047e+00 7.709389580135359132e+00 7.726125116872712972e+00 7.740297953589566404e+00
2.934758602727421728e+00 2.977808291596522050e+00 3.021299748617876535e+00 3.065231505634363085e+00 3.109601936116736187e+00 3.154409254824651843e+00 3.199651517390471600e+00 3.245326621730468819e+00 3.291432306053432733e+00 3.337966148030916180e+00 3.384925564449671409e+00 3.432307810184270558e+00 3.480109976679232719e+00 3.528328988946711320e+00 3.576961602537391371e+00 3.626004404727455999e+00 3.675453807969503828e+00 3.725306045948323153e+00 3.775557170096405901e+00 3.826203044894101346e+00 3.877239334528929771e+00 3.928661519740932029e+00 3.980464855326576679e+00 4.032644394045965974e+00 4.085194957338418753e+00 4.138111147137290224e+00 4.191417137436487472e+00 4.245047782809585613e+00 4.299026315371262008e+00 4.353346309218176557e+00 4.408001004326132843e+00 4.462983361015361083e+00 4.518285992967180142e+00 4.573901194402107961e+00 4.629820883100618012e+00 4.686036590930577006e+00 4.742539472512558696e+00 4.799320216868028233e+00 4.856369109563451580e+00 4.913675898708357970e+00 4.971229889732173390e+00 5.029019748694436132e+00 5.087033638833251992e+00 5.145259018656637373e+00 5.203682701788765463e+00 5.262290721069630806e+00 5.321068306828330208e+00 5.379999785175086480e+00 5.439068508824534298e+00 5.498256163775810279e+00 5.557542136675828637e+00 5.616904178934077230e+00 5.676319197408186135e+00 5.735764233426605685e+00 5.795304285849305792e+00 5.854744652160096763e+00 5.914149813014258683e+00 5.973497333980252399e+00 6.032763382959689835e+00 6.091922485508552754e+00 6.150947551690792103e+00 6.209809938644793803e+00 6.268479528556467173e+00 6.326924763625130232e+00 6.385112666273521143e+00 6.443008825697743802e+00 6.500577386729675666e+00 6.557781035839512995e+00 6.614580886254783465e+00 6.670936566339945806e+00 6.726805979509079769e+00 6.782145504156857463e+00 6.836909736782184943e+00 6.891051514599857875e+00 6.944521779139866346e+00 6.997269701810170162e+00 7.049242442512364981e+00 7.100385212532430934e+00 7.150641213533813989e+00 7.199951818261173031e+00 7.248256100511574651e+00 7.295490968445283109e+00 7.341591464978788117e+00 7.386489958739340445e+00 7.430116856712468909e+00 7.472670499532283017e+00 7.513539933786286262e+00 7.552915129105759462e+00 7.590717050542303390e+00 7.626864302755525848e+00 7.661273636765161932e+00 7.693859421052494874e+00 7.724533647173272399e+00 7.753205182651484506e+00 7.779779314892951270e+00 7.804158083791772782e+00 7.826240709795682982e+00 7.845924602949151172e+00 7.863106141322245612e+00 7.877680276577112117e+00
2.974477447463333757e+00 3.018282273203960475e+00 3.062541205921537557e+00 3.107252793552043979e+00 3.152415416103274914e+00 3.198027285543159959e+00 3.244086445195931478e+00 3.290590769068637123e+00 3.337537963477962943e+00 3.384925564449671409e+00 3.432750936633718108e+00 3.481011272859038108e+00 3.529703592891455965e+00 3.578824741642141927e+00 3.628371385588653020e+00 3.678340009431578572e+00 3.728726917837744015e+00 3.779528227661044237e+00 3.830739863667076861e+00 3.882357554862602811e+00 3.934376829435432210e+00 3.986792999526224346e+00 4.039601181892854775e+00 4.092796248337193354e+00 4.146402317100982948e+00 4.200355282902012988e+00 4.254678372373547290e+00 4.309365473142110936e+00 4.364410230166427596e+00 4.419805958729694950e+00 4.475545728403648837e+00 4.531622246948627364e+00 4.588027924055062101e+00 4.644754795604749020e+00 4.701794555976442247e+00 4.759138493780030288e+00 4.816777482318665982e+00 4.874701989309906836e+00 4.932901978435412893e+00 4.991366978178280789e+00 5.050085932484521756e+00 5.109047304212257501e+00 5.168238856256413882e+00 5.227647799589655975e+00 5.287260568114634296e+00 5.347062862957672635e+00 5.407039537091276493e+00 5.467174563291359313e+00 5.527450873634123241e+00 5.587849679815854564e+00 5.648349752067537644e+00 5.708928250827016271e+00 5.769647734365110914e+00 5.830313427255043202e+00 5.890987777473928766e+00 5.951648888158099560e+00 6.012274799098904943e+00 6.072842668489149887e+00 6.133328149083137504e+00 6.193705252136973094e+00 6.253946315744451923e+00 6.314022101656147967e+00 6.373901865766552710e+00 6.433553405255200808e+00 6.492943064455907631e+00 6.552035749433861689e+00 6.610794878543911679e+00 6.669182375606288460e+00 6.727158643190061404e+00 6.784682426055263171e+00 6.841710932622691033e+00 6.898199574147882096e+00 6.954102151250583397e+00 7.009370579234466270e+00 7.063954935105125621e+00 7.117803313295695489e+00 7.170861991675177016e+00 7.223075173902198109e+00 7.274385052848405309e+00 7.324731739504675154e+00 7.374053455181939221e+00 7.422286008518801381e+00 7.469362962560740726e+00 7.515215986144981208e+00 7.560044622800793590e+00 7.603238599915217222e+00 7.644988973949597089e+00 7.685217659590848349e+00 7.723844793601015724e+00 7.760787683165609963e+00 7.795961310906643682e+00 7.829279225088550120e+00 7.860651617635190824e+00 7.889985990942512295e+00 7.917186369619102493e+00 7.942153024300228736e+00 7.964783440740034415e+00 7.984973221473270932e+00 8.002617080485494583e+00 8.017609169370976119e+00
3.014527013512291020e+00 3.059095792838503858e+00 3.104131350205267648e+00 3.149632260381306725e+00 3.195596919128186109e+00 3.242023544262181201e+00 3.288910175356978272e+00 3.336254672846530323e+00 3.384054717070308360e+00 3.432307810184270558e+00 3.481011272859038108e+00 3.530162242922428195e+00 3.579757674827256153e+00 3.629794338134732179e+00 3.680268815536849480e+00 3.731177498741516274e+00 3.782516584526049996e+00 3.834282077155078738e+00 3.886469779395574697e+00 3.939075287849052032e+00 3.992093989084957162e+00 4.045521054205571509e+00 4.099351421487535063e+00 4.153609315682294856e+00 4.208230628644732185e+00 4.263238679282969734e+00 4.318627434187169101e+00 4.374390609346667347e+00 4.430521613401404046e+00 4.487013597050332869e+00 4.543859353773788357e+00 4.601051417456564430e+00 4.658581930201994403e+00 4.716442716272134739e+00 4.774625196576690378e+00 4.833120426530554070e+00 4.891919023543427336e+00 4.951011157250739814e+00 5.010386559880561030e+00 5.070034416702485558e+00 5.129943441249078084e+00 5.190101709263399421e+00 5.250496770191102058e+00 5.311115404352035441e+00 5.371943778599044705e+00 5.432967186378022895e+00 5.494170134380981452e+00 5.555536179363441462e+00 5.617047862650196066e+00 5.678685852021162717e+00 5.740428342556912256e+00 5.802338275834212133e+00 5.864219682842560566e+00 5.926133844600234291e+00 5.988057685546149145e+00 6.049968906536561164e+00 6.111845158357479768e+00 6.173663114205823810e+00 6.235397951774752201e+00 6.297023103485919648e+00 6.358510339132686262e+00 6.419829797661589232e+00 6.480950094297253550e+00 6.541838355054305332e+00 6.602460239191403346e+00 6.662779920979978066e+00 6.722760103613767413e+00 6.782361930982490961e+00 6.841544993254213836e+00 6.900267291582895979e+00 6.958485081211475354e+00 7.016153057226620859e+00 7.073223979018588459e+00 7.129648925848384167e+00 7.185376997686288902e+00 7.240355378209141435e+00 7.294529198049167995e+00 7.347841738970936731e+00 7.400234139862693183e+00 7.451645449776964192e+00 7.502012551618129521e+00 7.551270379346393113e+00 7.599618321728701886e+00 7.646456559186813884e+00 7.691976300685071877e+00 7.736102833127632472e+00 7.778759464514062749e+00 7.819866997780770213e+00 7.859343651231802674e+00 7.897105908817102282e+00 7.933067409343549592e+00 7.967139893153194485e+00 7.999232728350426314e+00 8.029251480417210374e+00 8.057098703678308382e+00 8.082673328223521025e+00 8.105870953950544688e+00 8.126585392068276903e+00 8.144709544679423985e+00 8.160135910249035618e+00
3.054905217558212982e+00 3.100246663841120132e+00 3.146067896732461566e+00 3.192367523140010821e+00 3.239143965998679597e+00 3.286395458514052681e+00 3.334120045383893949e+00 3.382315582302747092e+00 3.430979734740225329e+00 3.480109976679232719e+00 3.529703592891455965e+00 3.579757674827256153e+00 3.630269118918754589e+00 3.681234626071773430e+00 3.732650699963320218e+00 3.784513644641407382e+00 3.836819559772647104e+00 3.889564336216105644e+00 3.942743659237842646e+00 3.996352998129519385e+00 4.050387601126587356e+00 4.104842491354363965e+00 4.159741982496812263e+00 4.215021990938867980e+00 4.270705946090553873e+00 4.326787881600721697e+00 4.383261586007222377e+00 4.440120558896820668e+00 4.497358032412014595e+00 4.554966906807812244e+00 4.612939808301926625e+00 4.671268976129413275e+00 4.729946375251477875e+00 4.788963546319499720e+00 4.848311690717685529e+00 4.907981574171967232e+00 4.967963570531533257e+00 5.028247579932044964e+00 5.088823018539327059e+00 5.149678828964018074e+00 5.210803358540605501e+00 5.272184440336954658e+00 5.333809208978824046e+00 5.395664219158299524e+00 5.457735170057687490e+00 5.520007075516908834e+00 5.582464007605530298e+00 5.645089141125067655e+00 5.707864559151590633e+00 5.770770401910890079e+00 5.833870876124455762e+00 5.896969736415782037e+00 5.960127565376391878e+00 6.023319848423061451e+00 6.086523077188860320e+00 6.149714540805709007e+00 6.212871463945950801e+00 6.275970068318940775e+00 6.338984974583826926e+00 6.401889075934287021e+00 6.464653506740549282e+00 6.527247788740013767e+00 6.589639865829552967e+00 6.651796178568314843e+00 6.713681669507828964e+00 6.775259787486443308e+00 6.836492446466001738e+00 6.897340043466080317e+00 6.957761331142898520e+00 7.017713445568242392e+00 7.077151865437650180e+00 7.136030259610372184e+00 7.194300650342154491e+00 7.251912993581314915e+00 7.308815512714552654e+00 7.364954356775509581e+00 7.420273699336763507e+00 7.474715602593466457e+00 7.528220244753945245e+00 7.580725573888932090e+00 7.632167355356298977e+00 7.682746471949107203e+00 7.731863725974924328e+00 7.779711438921501632e+00 7.826216124477574532e+00 7.871302382770474004e+00 7.914891804493962013e+00 7.956904012808830196e+00 7.997256081831188190e+00 8.035862462283356322e+00 8.072635981416292239e+00 8.107487046167493716e+00 8.140323108463165980e+00 8.171048874484810653e+00 8.199564805163678471e+00 8.225768239458462361e+00 8.249553380704268690e+00 8.270812083105845147e+00 8.289435448140967111e+00 8.305314178142198855e+00
3.095609871876419561e+00 3.141732596266758382e+00 3.188348446649865053e+00 3.235456080509719445e+00 3.283053952431833622e+00 3.331140323194938357e+00 3.379713252498021792e+00 3.428770600401579660e+00 3.478310026621139972e+00 3.528328988946711320e+00 3.578824741642141927e+00 3.629794338134732179e+00 3.681234626071773430e+00 3.733142245346209087e+00 3.785513627436533302e+00 3.838344993473523203e+00 3.891632351542114954e+00 3.945371491211689730e+00 3.999557978560753568e+00 4.054187160349028929e+00 4.109254152052496778e+00 4.164783376286227856e+00 4.220710803404825739e+00 4.277059951993091858e+00 4.333824942738737640e+00 4.390999662545954862e+00 4.448577687309651196e+00 4.506552332106282144e+00 4.564916601225527337e+00 4.623663213665232696e+00 4.682784530137708678e+00 4.742272620246052561e+00 4.802119134378892262e+00 4.862315432943170812e+00 4.922852416610551174e+00 4.983720623314169096e+00 5.044910119775876112e+00 5.106410551502461814e+00 5.168211050403747286e+00 5.230300223680633742e+00 5.292666163466272167e+00 5.355296311808214860e+00 5.418177546536236733e+00 5.481295977115099305e+00 5.544637058593917089e+00 5.608185313089570911e+00 5.671924506860001713e+00 5.735837343692916868e+00 5.799905478503446510e+00 5.864195293889177485e+00 5.928511202060358087e+00 5.992914088348360480e+00 6.057378453619339354e+00 6.121879219735792077e+00 6.186392452303113743e+00 6.250895040803364999e+00 6.315363766510361465e+00 6.379774355792467766e+00 6.444100902323723901e+00 6.508315675961229729e+00 6.572389215715208621e+00 6.636290356521382883e+00 6.699986378857115454e+00 6.763443003223015282e+00 6.826624441326733184e+00 6.889493378486346131e+00 6.952010962024281149e+00 7.014136737627132412e+00 7.075828679649589503e+00 7.137043024645380207e+00 7.197734330589011797e+00 7.257855459418843580e+00 7.317357326546928498e+00 7.376189129523435639e+00 7.434297880206559128e+00 7.491628810094041135e+00 7.548124999367495036e+00 7.603727507875612801e+00 7.658375219388405597e+00 7.712268932331502569e+00 7.764819487825687538e+00 7.816219231715570537e+00 7.866398178108176431e+00 7.915284307074434089e+00 7.962802873412819338e+00 8.008876699387489140e+00 8.053426704362422583e+00 8.096370692187772278e+00 8.137624525166559764e+00 8.177101479500135994e+00 8.214712229076557293e+00 8.250366447936601233e+00 8.283970198993465317e+00 8.315426115993064471e+00 8.344633756488903487e+00 8.371488188180354229e+00 8.395881921362441602e+00 8.417705412305400259e+00 8.436847783240313703e+00 8.453197947136159129e+00
3.136638685496175416e+00 3.183551185811906770e+00 3.230970489288760739e+00 3.278895306997254622e+00 3.327324145960803836e+00 3.376255297960076174e+00 3.425686850739427136e+00 3.475616678950795624e+00 3.526042445885923637e+00 3.576961602537391371e+00 3.628371385588653020e+00 3.680268815536849480e+00 3.732650699963320218e+00 3.785513627436533302e+00 3.838853965226785903e+00 3.892667858642432588e+00 3.946951228849997939e+00 4.001699769832972819e+00 4.056908942124945128e+00 4.112573967238372319e+00 4.168719394457688132e+00 4.225281264449554541e+00 4.282283207193859020e+00 4.339719451764269209e+00 4.397583962705087224e+00 4.455870414531031720e+00 4.514572234246947424e+00 4.573682512385453869e+00 4.633194062173397576e+00 4.693099362690733578e+00 4.753390588724242249e+00 4.814059528309671876e+00 4.875097660117674536e+00 4.936496008608571628e+00 4.998245291200921869e+00 5.060335726841983295e+00 5.122757145716270166e+00 5.185498867393984135e+00 5.248549757217557676e+00 5.311898122007670864e+00 5.375531697592568214e+00 5.439437656599219295e+00 5.503602458961885269e+00 5.568011938864016130e+00 5.632651074631818133e+00 5.697504136240770123e+00 5.762554353040143518e+00 5.827869972324772441e+00 5.893261545238884125e+00 5.958792716612194340e+00 6.024439728540045280e+00 6.090177133196574388e+00 6.155978789298897524e+00 6.221819118506645374e+00 6.287673712420688510e+00 6.353519061374128363e+00 6.419331505898180801e+00 6.485086252829647790e+00 6.550756821494201354e+00 6.616314887091642838e+00 6.681730308264025808e+00 6.746971273638134647e+00 6.812004328100305095e+00 6.876794482544471343e+00 6.941305178589021629e+00 7.005498324125434273e+00 7.069334254204416190e+00 7.132771705264864259e+00 7.195767732880388401e+00 7.258277764457432113e+00 7.320255391825666536e+00 7.381652499956591562e+00 7.442419165953623406e+00 7.502503390794687199e+00 7.561851409364613197e+00 7.620407146582437896e+00 7.678112725429352636e+00 7.734908053499483849e+00 7.790995250081488521e+00 7.845785236696221077e+00 7.899472042912810466e+00 7.951986811529473620e+00 8.003258320958051897e+00 8.053212956657482380e+00 8.101775046951429360e+00 8.148866101081978286e+00 8.194405151060490056e+00 8.238309351894143262e+00 8.280492639863819448e+00 8.320867049929235648e+00 8.359342053552760277e+00 8.395825109798101593e+00 8.430221566566320490e+00 8.462432563387629614e+00 8.492355409203103278e+00 8.519884213235519255e+00 8.544909051368616559e+00 8.567318639357772270e+00 8.587000758339309314e+00 8.603842340181161674e+00
3.177989256051260814e+00 3.225699916004655776e+00 3.273931388923944308e+00 3.322682456340523061e+00 3.371951679204800101e+00 3.421737403833411406e+00 3.472037748142482450e+00 3.522850615388887885e+00 3.574173683010892333e+00 3.626004404727455999e+00 3.678340009431578572e+00 3.731177498741516274e+00 3.784513644641407382e+00 3.838344993473523203e+00 3.892667858642432588e+00 3.947478317980003037e+00 4.002772213089689224e+00 4.058545146911733958e+00 4.114792480315977663e+00 4.171538899005262202e+00 4.228720537042738314e+00 4.286361154893064906e+00 4.344455095435060699e+00 4.402996430480438761e+00 4.461978956205164160e+00 4.521396186011464202e+00 4.581241321617052442e+00 4.641507302975361071e+00 4.702186706116582293e+00 4.763271812396297378e+00 4.824754543968156284e+00 4.886626498339818880e+00 4.948878855482656824e+00 5.011502466282617974e+00 5.074487689297198401e+00 5.137824557196988273e+00 5.201502561628997157e+00 5.265510776250802216e+00 5.329837720108410615e+00 5.394471420436235398e+00 5.459399294928469537e+00 5.524608137251208362e+00 5.590084121588007271e+00 5.655812631691097714e+00 5.721778358514155727e+00 5.787965062240697733e+00 5.854441754734636127e+00 5.921019288940417624e+00 5.987763299572931963e+00 6.054651996539468506e+00 6.121660951097672054e+00 6.188763998794712506e+00 6.255934401226853403e+00 6.323146043470257105e+00 6.390374107620766964e+00 6.457594629280325904e+00 6.524783498252388902e+00 6.591915396645471326e+00 6.658963242155532924e+00 6.725898067392606094e+00 6.792689078093492761e+00 6.859303731577279351e+00 6.925707877272123447e+00 6.991865741719443861e+00 7.057740009668797221e+00 7.123291766989455986e+00 7.188480522843275544e+00 7.253264150018430279e+00 7.317598850592725412e+00 7.381439060014225007e+00 7.444737531174808964e+00 7.507445113948486792e+00 7.569510847416994537e+00 7.630881860967080321e+00 7.691503096283408780e+00 7.751317685700952254e+00 7.810266344852054843e+00 7.868552712755286116e+00 7.925587861664313394e+00 7.981567181592095217e+00 8.036422796012708147e+00 8.090084769965725897e+00 8.142480633063575723e+00 8.193535473426805993e+00 8.243171931278414633e+00 8.291310579447888074e+00 8.337869082764049367e+00 8.382762594035629178e+00 8.425904431100677883e+00 8.467204591280857784e+00 8.506571278068133068e+00 8.543910791840453101e+00 8.579126128430667464e+00 8.612117680339908432e+00 8.642781142937359107e+00 8.671008175695158471e+00 8.696687869446463992e+00 8.719706394356723678e+00 8.739949801772587179e+00 8.757303767210148138e+00
