1.073354811317114743e+00 1.088484620965240346e+00 1.103752891213727771e+00 1.119158832612826560e+00 1.134701607612293772e+00 1.150380329599429263e+00 1.166194061864284759e+00 1.182141816168795989e+00 1.198222551159096483e+00 1.214436440087715896e+00 1.230779808659636654e+00 1.247252695714488269e+00 1.263853826915635414e+00 1.280581862276950922e+00 1.297435394023398691e+00 1.314412942223465386e+00 1.331512951757496399e+00 1.348733786598775630e+00 1.366073727220563860e+00 1.383530962647090634e+00 1.401103589091083901e+00 1.418789599924992872e+00 1.436586883008996951e+00 1.454493211493787408e+00 1.472506239181045506e+00 1.490623491073958862e+00 1.508842355968166071e+00 1.527160080291333877e+00 1.545573754982239922e+00 1.564080312405349282e+00 1.582676509112511010e+00 1.601358925099927388e+00 1.620123940850795030e+00 1.638967739817474678e+00 1.657886283854558052e+00 1.676875310877769643e+00 1.695933994112097887e+00 1.715050268352392937e+00 1.734222732830885683e+00 1.753446074640797825e+00 1.772714675099685389e+00 1.792022603837454708e+00 1.811363591143179574e+00 1.830731008007029592e+00 1.850117850231906447e+00 1.869516713476291114e+00 1.888919761322061186e+00 1.908318710502759918e+00 1.927704781870144490e+00 1.947068646537172487e+00 1.966400285324976904e+00 1.985689052980698754e+00 2.004923758953690349e+00 2.024092771667918900e+00 2.043184105479479928e+00 2.062185389501773436e+00 2.081083814345154437e+00 2.099865967519824572e+00 2.118517744598278352e+00 2.137024307725643446e+00 2.155370031237393569e+00 2.173538530700528604e+00 2.191512624154757560e+00 2.209274340974973327e+00 2.226804915757836678e+00 2.244084764181236480e+00 2.261104653703197798e+00 2.277821139539794704e+00 2.294223142629621570e+00 2.310287683470281461e+00 2.325990922316159892e+00 2.341308138497034452e+00 2.356213727883135878e+00 2.370681220836505343e+00 2.384683254714339284e+00 2.398191610016567665e+00 2.411177234251589141e+00 2.423610223124428753e+00 2.435459919751469471e+00 2.446694896880861059e+00 2.457283003764984208e+00 2.467191473496403553e+00 2.476386937981147174e+00 2.484835593495552608e+00 2.492503161178817539e+00 2.499355153440830701e+00 2.505356902797441609e+00 2.510473700032034738e+00 2.514671115594973916e+00 2.517915009922489400e+00 2.520171635632301843e+00 2.521408306542257893e+00 2.521593110986315445e+00 2.520695594167688736e+00 2.518686355029796875e+00 2.515537888180642501e+00 2.511224900391257453e+00 2.505724168265106577e+00 2.499015864135161191e+00 2.491082545523804814e+00
1.088484620965240346e+00 1.103892672883323156e+00 1.119443066533870601e+00 1.135134989193015809e+00 1.150967576987359076e+00 1.166939913954941010e+00 1.183051030917218194e+00 1.199299904307212561e+00 1.215686724910014505e+00 1.232207832675067172e+00 1.248863282834413280e+00 1.265651816045497480e+00 1.282572107917874460e+00 1.299622767139420265e+00 1.316802330685560740e+00 1.334109261701888371e+00 1.351541944640324733e+00 1.369098682133727429e+00 1.386777688609196479e+00 1.404577087829847137e+00 1.422494903920371367e+00 1.440529060526741789e+00 1.458677369468664331e+00 1.476937528404241640e+00 1.495307110660101468e+00 1.513783560636301262e+00 1.532364183480818376e+00 1.551046137307462658e+00 1.569826426914850970e+00 1.588701889359297459e+00 1.607669191410348475e+00 1.626724810430890900e+00 1.645865034642366886e+00 1.665085937476981526e+00 1.684383381669602331e+00 1.703756679230858495e+00 1.723193890933208960e+00 1.742693778606683619e+00 1.762251196566439582e+00 1.781860707232148400e+00 1.801516570291680663e+00 1.821212717624080879e+00 1.840942747268585755e+00 1.860699893048106013e+00 1.880477002817305232e+00 1.900266521000799180e+00 1.920060461146687381e+00 1.939850367639755602e+00 1.959627301741654559e+00 1.979381746996611735e+00 1.999103489172425308e+00 2.018781672573435770e+00 2.038404887916489550e+00 2.057961285566388909e+00 2.077438660089121036e+00 2.096824451854045979e+00 2.116105618389213738e+00 2.135268545992767386e+00 2.154298901968566327e+00 2.173181591878837526e+00 2.191900753736155671e+00 2.210439716196893833e+00 2.228781034120336013e+00 2.246906444455247787e+00 2.264796873284987466e+00 2.282443622413137252e+00 2.299803733077077972e+00 2.316866649221861696e+00 2.333609905736866885e+00 2.350010186357648578e+00 2.366043262034650763e+00 2.381684027229876488e+00 2.396906477767978938e+00 2.411683713414958685e+00 2.425987963888117882e+00 2.439790558961701716e+00 2.453061977630573320e+00 2.465771876903643633e+00 2.477889076375335176e+00 2.489381676897887363e+00 2.500217040483630360e+00 2.510361851112689724e+00 2.519782242629352798e+00 2.528443815362466651e+00 2.536311831449960863e+00 2.543351178409052782e+00 2.549526661815483930e+00 2.554803051029223226e+00 2.559145236981276383e+00 2.562518585057596887e+00 2.564888959375205779e+00 2.566222833880810406e+00 2.566487965243888336e+00 2.565653112008525305e+00 2.563688761188315901e+00 2.560566707562681898e+00 2.556261012143127065e+00 2.550748381411353183e+00 2.544047985337483109e+00 2.536063618001975772e+00
1.103752891213727771e+00 1.119443066533870601e+00 1.135279592562999040e+00 1.151261635212796675e+00 1.167388306012127064e+00 1.183658661231702158e+00 1.200071700773110317e+00 1.216627637891076752e+00 1.233322832002358371e+00 1.250157358471047919e+00 1.267129976801997904e+00 1.284239381420427373e+00 1.301484199141997422e+00 1.318862985897718998e+00 1.336374224859378623e+00 1.354016320959817499e+00 1.371787598844213196e+00 1.389686297451578456e+00 1.407710566818983322e+00 1.425858460944297246e+00 1.444127935531814177e+00 1.462516837858573338e+00 1.481022906589723576e+00 1.499643758924419812e+00 1.518376888713289352e+00 1.537219655199175250e+00 1.556169278525960875e+00 1.575222828443783918e+00 1.594377216150081988e+00 1.613629187914570995e+00 1.632975309205074943e+00 1.652411962805909962e+00 1.671935327599351151e+00 1.691541380016860385e+00 1.711229560909122593e+00 1.730988049941058371e+00 1.750815757286271923e+00 1.770707691212576762e+00 1.790658580379548281e+00 1.810662864643125536e+00 1.830714670993553117e+00 1.850807802158079607e+00 1.870935709189143648e+00 1.891091485173016729e+00 1.911267831806004569e+00 1.931457035591923166e+00 1.951650948502854810e+00 1.971840953348909187e+00 1.992017929760021566e+00 2.012172184967238042e+00 2.032293292002162577e+00 2.052370181861792098e+00 2.072391222552897538e+00 2.092344341247670769e+00 2.112217115684151381e+00 2.131996765962612894e+00 2.151670057571188899e+00 2.171223128757631127e+00 2.190641431037781750e+00 2.209909623839720449e+00 2.229011569467163056e+00 2.247930344850153084e+00 2.266648199368247241e+00 2.285157641411137863e+00 2.303417350892418280e+00 2.321417999507566332e+00 2.339138525168742433e+00 2.356556993768912367e+00 2.373650597842338339e+00 2.390395625961548642e+00 2.406767496231045023e+00 2.422740692487679759e+00 2.438288807962811333e+00 2.453384523170655473e+00 2.467999614105240713e+00 2.482104987848758881e+00 2.495670649926893692e+00 2.508665768744214208e+00 2.521058709374161655e+00 2.532817022119672412e+00 2.543907583606997758e+00 2.554296573822384175e+00 2.563949553243578539e+00 2.572831614080686169e+00 2.580907397968898120e+00 2.588141324929282838e+00 2.594497560369113387e+00 2.599940335147743919e+00 2.604434010378527287e+00 2.607943255613348832e+00 2.610433438814367069e+00 2.611870668186036415e+00 2.612221825483540538e+00 2.611455354681866847e+00 2.609540939213775168e+00 2.606450305963737613e+00 2.602156808113956998e+00 2.596676320247885528e+00 2.589909211413247814e+00 2.581876350495743377e+00
1.119158832612826560e+00 1.135134989193015809e+00 1.151261635212796675e+00 1.167537917356290977e+00 1.183962924531396288e+00 1.200535687020266140e+00 1.217256446906089806e+00 1.234121589279159714e+00 1.251131214651153511e+00 1.268284106292330016e+00 1.285578981416541255e+00 1.303014488957004557e+00 1.320589207123053166e+00 1.338301640620244592e+00 1.356150217000610558e+00 1.374133284825041157e+00 1.392249107394308627e+00 1.410495860825649261e+00 1.428871628014075856e+00 1.447374395393644209e+00 1.466002044961017159e+00 1.484752352308805312e+00 1.503622975164358611e+00 1.522611454028493183e+00 1.541715197609431653e+00 1.560931481516619312e+00 1.580257435783446462e+00 1.599690040549907710e+00 1.619226113693994940e+00 1.638862302293288220e+00 1.658595076184899764e+00 1.678420710488275125e+00 1.698335284519327137e+00 1.718338361620286081e+00 1.738418229255747516e+00 1.758573935522143250e+00 1.778800634797462532e+00 1.799093207022985474e+00 1.819446258043299292e+00 1.839854094061684986e+00 1.860310712096053143e+00 1.880809773648925765e+00 1.901344592616062146e+00 1.921908105255026422e+00 1.942492863454463592e+00 1.963090997920627467e+00 1.983694191711251831e+00 2.004293654261438018e+00 2.024880095479144604e+00 2.045443620911607141e+00 2.065973603290104599e+00 2.086458741263253813e+00 2.106887177608605111e+00 2.127246613243702011e+00 2.147524404452544111e+00 2.167707555373866946e+00 2.187782604466105951e+00 2.207735487648469164e+00 2.227551388374739982e+00 2.247214734072496167e+00 2.266709122882973215e+00 2.286017337087256074e+00 2.305132429256117721e+00 2.324013555969568490e+00 2.342651950753048773e+00 2.361027068610572321e+00 2.379117502777344129e+00 2.396900977546109424e+00 2.414354318610937966e+00 2.431453455300433220e+00 2.448173389141334422e+00 2.464488234723760662e+00 2.480371152381437128e+00 2.495794402160971259e+00 2.510729321197188391e+00 2.525146338679396862e+00 2.539015022978313940e+00 2.552304045438991587e+00 2.564981262458187583e+00 2.577013754387923683e+00 2.588367819071596632e+00 2.599009138832574894e+00 2.608902753849702272e+00 2.618013158135614304e+00 2.626304477081855993e+00 2.633740485359498340e+00 2.640284873693942824e+00 2.645901219458892228e+00 2.650553334844026665e+00 2.654205352764484882e+00 2.656821931119838442e+00 2.658368686609197784e+00 2.658812157422901556e+00 2.658119875350681838e+00 2.656261228512767136e+00 2.653245926010439071e+00 2.648970524765518864e+00 2.643448374122883138e+00 2.636657957714806155e+00 2.628581275217273028e+00
1.134701607612293772e+00 1.150967576987359076e+00 1.167388306012127064e+00 1.183962924531396288e+00 1.200690501045905467e+00 1.217571313576740977e+00 1.234601780404944948e+00 1.251782033745153289e+00 1.269110886502578417e+00 1.286587083981135082e+00 1.304209302275690874e+00 1.321976145858471119e+00 1.339886145111953697e+00 1.357937753644953727e+00 1.376129345247085078e+00 1.394459209826360180e+00 1.412925551654538703e+00 1.431526482194594774e+00 1.450260018369892379e+00 1.469124075832155096e+00 1.488116465720901616e+00 1.507234885735834862e+00 1.526476918552739592e+00 1.545840018863171794e+00 1.565321515020319909e+00 1.584918592527153836e+00 1.604628293450045984e+00 1.624447502579605018e+00 1.644372943367686135e+00 1.664401164367610431e+00 1.684528530314663763e+00 1.704754876096584937e+00 1.725068896143681085e+00 1.745469956336418660e+00 1.765953576036690675e+00 1.786515043157043348e+00 1.807149378356129876e+00 1.827851345517380599e+00 1.848615413910922323e+00 1.869435759621414395e+00 1.890306237530107403e+00 1.911220371315589972e+00 1.932171324574060378e+00 1.953151887866153347e+00 1.974154445750899933e+00 1.995170969406680372e+00 2.016192975117286679e+00 2.037211492276567615e+00 2.058217047273929623e+00 2.079199556499908841e+00 2.100148164526349781e+00 2.121051351519518846e+00 2.141897015227973711e+00 2.162672628522689156e+00 2.183365324409766828e+00 2.203961886460322539e+00 2.224448631269491550e+00 2.244811253236965065e+00 2.265034718623979870e+00 2.285103164813923282e+00 2.305010873545140004e+00 2.324718640724992458e+00 2.344218911415032025e+00 2.363492537905262925e+00 2.382519499655467499e+00 2.401278941271644207e+00 2.419749111891109195e+00 2.437907372081669521e+00 2.455730188478667753e+00 2.473193103484975897e+00 2.490270742125889392e+00 2.506936780337057247e+00 2.523163992426145530e+00 2.538924182295059673e+00 2.554188248710226095e+00 2.568926162036809124e+00 2.583106987505420005e+00 2.596698945654180246e+00 2.609669371339855548e+00 2.621984816286980102e+00 2.633611093480245913e+00 2.644513276942682900e+00 2.654655898416560689e+00 2.664002915906679814e+00 2.672517831203005123e+00 2.680163896898654752e+00 2.686904133267500328e+00 2.692701637291327277e+00 2.697519556686993614e+00 2.701321466281120465e+00 2.704071482581942298e+00 2.705734503864637208e+00 2.706276577693830010e+00 2.705702773639017344e+00 2.703906594832803378e+00 2.700895781241231308e+00 2.696642840292206245e+00 2.691123160687368898e+00 2.684314519412319466e+00 2.676198245583172763e+00
1.150380329599429263e+00 1.166939913954941010e+00 1.183658661231702158e+00 1.200535687020266140e+00 1.217571313576740977e+00 1.234762000815384342e+00 1.252107919896947141e+00 1.269607920630206221e+00 1.287260783388304741e+00 1.305065217381423448e+00 1.323019858712226604e+00 1.341123268618660713e+00 1.359373930750223503e+00 1.377770248441611889e+00 1.396310541774628433e+00 1.414993044250888232e+00 1.433815898274853229e+00 1.452777153537350818e+00 1.471874758808104033e+00 1.491106560483937526e+00 1.510470295079381797e+00 1.529963586017632382e+00 1.549583933643457145e+00 1.569328714133292557e+00 1.589195164834382501e+00 1.609180387129963252e+00 1.629281327719385386e+00 1.649494778914580184e+00 1.669817363278170097e+00 1.690245529906599042e+00 1.710779206803220820e+00 1.731407173247148545e+00 1.752128905418077753e+00 1.772940036948073672e+00 1.793835977063024778e+00 1.814811881515940861e+00 1.835862658783564250e+00 1.856982930050512737e+00 1.878167042379539575e+00 1.899409026524020661e+00 1.920702599516942888e+00 1.942041133889801374e+00 1.963417647075295980e+00 1.984824769660612720e+00 2.006254731372479672e+00 2.027699324837426431e+00 2.049149895478967753e+00 2.070597296180010538e+00 2.092031861482044786e+00 2.113443303266757223e+00 2.134820551271886302e+00 2.156151837428560647e+00 2.177424830208480433e+00 2.198626754603829614e+00 2.219744519185847142e+00 2.240764686021873064e+00 2.261673344557111331e+00 2.282455953401865134e+00 2.303097217894054971e+00 2.323591994865048971e+00 2.343901574957174994e+00 2.364018992467265434e+00 2.383925617246247963e+00 2.403601969151946349e+00 2.423027730235423949e+00 2.442181682298802059e+00 2.461041747348035269e+00 2.479584923674710506e+00 2.497787294443129191e+00 2.515624025075525960e+00 2.533069332744695146e+00 2.550096499342942025e+00 2.566677837721211830e+00 2.582784748630070570e+00 2.598387650458824805e+00 2.613456057391395859e+00 2.627958555587746048e+00 2.641862836074016840e+00 2.655135770287229136e+00 2.667743362973818311e+00 2.679650878782448675e+00 2.690822892646371312e+00 2.701223297124703659e+00 2.710815532838697361e+00 2.719562550613234375e+00 2.727426953455207581e+00 2.734371236407158623e+00 2.740357800671302968e+00 2.745349309498513080e+00 2.749308664982590411e+00 2.752199418057174274e+00 2.753985926989240607e+00 2.754671222732646640e+00 2.754147364038591395e+00 2.752419479040816519e+00 2.749457208104956862e+00 2.745232813418870599e+00 2.739720847034595508e+00 2.732899208127362201e+00 2.724748526365401435e+00
1.166194061864284759e+00 1.183051030917218194e+00 1.200071700773110317e+00 1.217256446906089806e+00 1.234601780404944948e+00 1.252107919896947141e+00 1.269773760277770558e+00 1.287598124572087999e+00 1.305579762563332302e+00 1.323717349189944992e+00 1.342009482574750168e+00 1.360454681833453749e+00 1.379051385168669874e+00 1.397797946805062752e+00 1.416692633986776917e+00 1.435733623771615397e+00 1.454918999405481417e+00 1.474246745303091188e+00 1.493714745638851982e+00 1.513320774960231097e+00 1.533062497100335486e+00 1.552937456802170102e+00 1.572943076594923495e+00 1.593076645616218867e+00 1.613335319144195923e+00 1.633716102011674609e+00 1.654215852931549602e+00 1.674831263275052606e+00 1.695558858434964344e+00 1.716398654399573065e+00 1.737339510906248385e+00 1.758381004643432055e+00 1.779518876649792469e+00 1.800748649160761605e+00 1.822065602209871349e+00 1.843464775817772683e+00 1.864940937695952261e+00 1.886488591446962459e+00 1.908101931850376465e+00 1.929774861016958720e+00 1.951500941344967321e+00 1.973273399320375709e+00 1.995085091646426667e+00 2.016928493866946059e+00 2.038795665403806634e+00 2.060678234236932749e+00 2.082567354160799855e+00 2.104453698259491023e+00 2.126327411920764909e+00 2.148177993007801767e+00 2.169994139580049275e+00 2.191763850255808777e+00 2.213474533129510036e+00 2.235113183558771421e+00 2.256666465882508188e+00 2.278120719432598751e+00 2.299461805826929162e+00 2.320674941552443915e+00 2.341755551627014764e+00 2.362665467960736621e+00 2.383398298239849833e+00 2.403935945351885817e+00 2.424259500477769613e+00 2.444349166597385548e+00 2.464184274000136288e+00 2.483743291240833706e+00 2.503003757474298929e+00 2.521942326443527449e+00 2.540534700344983854e+00 2.558755640668093356e+00 2.576578969240621575e+00 2.593977538349474976e+00 2.610923248931673157e+00 2.627387016788234941e+00 2.643338839744492574e+00 2.658747726345666695e+00 2.673581789005764708e+00 2.687808219230872098e+00 2.701393331369607687e+00 2.714302655415250953e+00 2.726500882568326567e+00 2.737952020110733020e+00 2.748619448136450316e+00 2.758465935739932817e+00 2.767453909597766604e+00 2.775545407708224221e+00 2.782702248940201351e+00 2.788886309215090620e+00 2.794059530460765828e+00 2.798184328013502586e+00 2.801260437986789142e+00 2.803178649113912346e+00 2.803939899244354272e+00 2.803510171428389430e+00 2.801857128635177219e+00 2.798950159915654101e+00 2.794760489280918581e+00 2.789262460252001752e+00 2.782433137227074305e+00 2.774253356415731009e+00
1.182141816168795989e+00 1.199299904307212561e+00 1.216627637891076752e+00 1.234121589279159714e+00 1.251782033745153289e+00 1.269607920630206221e+00 1.287598124572087999e+00 1.305751444281485041e+00 1.324066601231148832e+00 1.342542238084929895e+00 1.361176916875226794e+00 1.379969116767756576e+00 1.398917231603984623e+00 1.418019567849234663e+00 1.437274341152611878e+00 1.456679673050697676e+00 1.476233587479544251e+00 1.495934006834538144e+00 1.515778746403753097e+00 1.535765513236679647e+00 1.555891895408311631e+00 1.576155361414897538e+00 1.596553250827543735e+00 1.617082771310657252e+00 1.637740986109814889e+00 1.658524814351893140e+00 1.679431012283140845e+00 1.700456179326557349e+00 1.721600413600610668e+00 1.742852647531829335e+00 1.764212553180031007e+00 1.785675973751093215e+00 1.807238534547599862e+00 1.828895632896912149e+00 1.850642431747560934e+00 1.872473833857114744e+00 1.894384485386558570e+00 1.916368740012562188e+00 1.938420669344503633e+00 1.960534012975615470e+00 1.982702197911604403e+00 2.004918286110784376e+00 2.027174979517181175e+00 2.049464582738798057e+00 2.071778990673786236e+00 2.094109649715638621e+00 2.116447537895016051e+00 2.138783126202181251e+00 2.161106366653112065e+00 2.183406545095163409e+00 2.205672117615563810e+00 2.227890831932734184e+00 2.250049852997451083e+00 2.272135914622993802e+00 2.294135457689990165e+00 2.316034578212394113e+00 2.337829748443163158e+00 2.359484416123142747e+00 2.380993458356868153e+00 2.402340222830774863e+00 2.423507195929065272e+00 2.444476016329048207e+00 2.465227419315267454e+00 2.485741314214514830e+00 2.505996696524222411e+00 2.525971663207760010e+00 2.545643423764713198e+00 2.564988228516760671e+00 2.583981416929447494e+00 2.602597350335157156e+00 2.620809425443669127e+00 2.638590080472606569e+00 2.655910764043929451e+00 2.672741961899157914e+00 2.689053162806084085e+00 2.704812937072075929e+00 2.719988865163724512e+00 2.734547647699311579e+00 2.748455078915646776e+00 2.761676102825264323e+00 2.774174926097719318e+00 2.785914954993334192e+00 2.796858983210753546e+00 2.806969255055588253e+00 2.816207491755742698e+00 2.824535202966861114e+00 2.831913629586014558e+00 2.838303944128783840e+00 2.843667566750327502e+00 2.848002923688069732e+00 2.851199595356160632e+00 2.853256771766687905e+00 2.854138652964941958e+00 2.853810674407085024e+00 2.852239743744653833e+00 2.849394765806111174e+00 2.845246757682497130e+00 2.839768984365884652e+00 2.832938347591966721e+00 2.824734855511930043e+00
1.198222551159096483e+00 1.215686724910014505e+00 1.233322832002358371e+00 1.251131214651153511e+00 1.269110886502578417e+00 1.287260783388304741e+00 1.305579762563332302e+00 1.324066601231148832e+00 1.342719995119163956e+00 1.361538556980907311e+00 1.380520814809810259e+00 1.399665209781769670e+00 1.418970093732440985e+00 1.438433726413429703e+00 1.458054273299890680e+00 1.477829801737242210e+00 1.497758277332192245e+00 1.517837560174953637e+00 1.538065400564590846e+00 1.558439432830946325e+00 1.578957174579549871e+00 1.599616014417946097e+00 1.620413211963357192e+00 1.641345887410682547e+00 1.662411018759271775e+00 1.683605427806620813e+00 1.704925781382103489e+00 1.726372255162335501e+00 1.747933853182003450e+00 1.769610336778843163e+00 1.791397641971809840e+00 1.813291492482977274e+00 1.835287397726244052e+00 1.857380632982991608e+00 1.879566228937845862e+00 1.901838965342557808e+00 1.924193342530366113e+00 1.946623586572094888e+00 1.969123609397516628e+00 1.991687021635017985e+00 2.014307076838500077e+00 2.036976694472993454e+00 2.059688401423809267e+00 2.082434338253170480e+00 2.105206218033118581e+00 2.127995311970583447e+00 2.150792405059559265e+00 2.173587782692093739e+00 2.196371179476653168e+00 2.219131663374135588e+00 2.241857450664943574e+00 2.264536027901294268e+00 2.287154299157358128e+00 2.309698757080111076e+00 2.332155585961408928e+00 2.354521523319166754e+00 2.376760379418105806e+00 2.398867591650492237e+00 2.420827086455512145e+00 2.442621928953402577e+00 2.464234311468563643e+00 2.485645550312078012e+00 2.506836102074468275e+00 2.527785498057617097e+00 2.548472424953840410e+00 2.568874626496895797e+00 2.588968920196314638e+00 2.608731209637155768e+00 2.628136409801369311e+00 2.647158500268006254e+00 2.665770457933875459e+00 2.683944274043617018e+00 2.701650964005579247e+00 2.718860537533628552e+00 2.735542035019626450e+00 2.751663493033706054e+00 2.767192035930896576e+00 2.782093804996790265e+00 2.796334087029898274e+00 2.809877285243227885e+00 2.822686989994742213e+00 2.834726115119099443e+00 2.845956824541512997e+00 2.856340758196906915e+00 2.865839101460160965e+00 2.874412622893788960e+00 2.882022033850819565e+00 2.888663905101965579e+00 2.894227624928711329e+00 2.898709682169096080e+00 2.902071691524618302e+00 2.904276292514015090e+00 2.905287011958173071e+00 2.905068702678260451e+00 2.903587720578404863e+00 2.900812204369427771e+00 2.896712694142367095e+00 2.891262304905635183e+00 2.884436822047592663e+00 2.876216143398540925e+00
1.214436440087715896e+00 1.232207832675067172e+00 1.250157358471047919e+00 1.268284106292330016e+00 1.286587083981135082e+00 1.305065217381423448e+00 1.323717349189944992e+00 1.342542238084929895e+00 1.361538556980907311e+00 1.380704891387263711e+00 1.400039737712395427e+00 1.419541501247204796e+00 1.439208493855999915e+00 1.459038931141745321e+00 1.479030929394524962e+00 1.499182503265538369e+00 1.519491561464276330e+00 1.539955902818787692e+00 1.560573212185675240e+00 1.581341055827831799e+00 1.602256874566207578e+00 1.623317983505348838e+00 1.644521558008207096e+00 1.665864634466164507e+00 1.687344098653134283e+00 1.708956683236013463e+00 1.730702642105304445e+00 1.752571044543614454e+00 1.774561736388824862e+00 1.796670744738187775e+00 1.818893885890140227e+00 1.841226771233736015e+00 1.863664783778987033e+00 1.886203076974547921e+00 1.908836552838497180e+00 1.931559851091018798e+00 1.954367342892038506e+00 1.977253099393904145e+00 2.000210898607480470e+00 2.023234181092487205e+00 2.046316065411510010e+00 2.069449285888214973e+00 2.092626219419283284e+00 2.115838820283967525e+00 2.139078627582423842e+00 2.162336718316155260e+00 2.185603692770973883e+00 2.208869630906578951e+00 2.232124068286422958e+00 2.255355827223019638e+00 2.278552878137901416e+00 2.301702449660728789e+00 2.324791175473386318e+00 2.347805289675681806e+00 2.370741627070552138e+00 2.393564194684151492e+00 2.416268874837171232e+00 2.438840124310561297e+00 2.461261603132693931e+00 2.483516093393627333e+00 2.505585484900988202e+00 2.527450781149333192e+00 2.549092096647385119e+00 2.570488669643411050e+00 2.591618786119363360e+00 2.612459865509309864e+00 2.632988353021784800e+00 2.653179739261843917e+00 2.673008574630042489e+00 2.692448392730651285e+00 2.711471768765683077e+00 2.730050254145385491e+00 2.748154394680641932e+00 2.765753747340826241e+00 2.782816851775076650e+00 2.799311277756547867e+00 2.815203590741016892e+00 2.830459457885496022e+00 2.845043578127415707e+00 2.858919831450905225e+00 2.872051246687218562e+00 2.884400089467256567e+00 2.895928025655653659e+00 2.906596035392682520e+00 2.916364682687777155e+00 2.925229460357781974e+00 2.933080405735556617e+00 2.939912220504247387e+00 2.945684994489321085e+00 2.950359122653408939e+00 2.953895717777665020e+00 2.956256626440584512e+00 2.957404897708610481e+00 2.957304712755235876e+00 2.955921835470415093e+00 2.953223848768921300e+00 2.949180520610632072e+00 2.943764503943973931e+00 2.936951504529664359e+00 2.928720265255969402e+00
1.230779808659636654e+00 1.248863282834413280e+00 1.267129976801997904e+00 1.285578981416541255e+00 1.304209302275690874e+00 1.323019858712226604e+00 1.342009482574750168e+00 1.361176916875226794e+00 1.380520814809810259e+00 1.400039737712395427e+00 1.419732153179480871e+00 1.439596433165302614e+00 1.459630851719511124e+00 1.479833582408814685e+00 1.500202695142179410e+00 1.520736152793176199e+00 1.541431808754639032e+00 1.562287402131810499e+00 1.583300553454494386e+00 1.604468760266962502e+00 1.625789392138603073e+00 1.647259683076462311e+00 1.668876731854499251e+00 1.690637485996133060e+00 1.712542386441082254e+00 1.734580834211543410e+00 1.756752892147927181e+00 1.779054848807184896e+00 1.801482814213309025e+00 1.824032692755674256e+00 1.846700196410134831e+00 1.869480809833500956e+00 1.892369798279574633e+00 1.915362181475760872e+00 1.938452733416852647e+00 1.961635958206818353e+00 1.984906078769966609e+00 2.008257030652496500e+00 2.031682427294265736e+00 2.055175568738539127e+00 2.078729392407903109e+00 2.102336491343409719e+00 2.125989044794176941e+00 2.149678849108938916e+00 2.173397245056256644e+00 2.197135124337094680e+00 2.220882882521825419e+00 2.244630402528212887e+00 2.268366999732977618e+00 2.292081268577196074e+00 2.315760904208921556e+00 2.339392871872457924e+00 2.362974292385043640e+00 2.386469781219792363e+00 2.409875641119368250e+00 2.433177260723275559e+00 2.456359523211878226e+00 2.479406640316883070e+00 2.502301978054876752e+00 2.525028031458789179e+00 2.547566387764938600e+00 2.569897728840520923e+00 2.592001837956850352e+00 2.613857591418832893e+00 2.635442967625380994e+00 2.656734961913393533e+00 2.677709679239724139e+00 2.698342218130028503e+00 2.718606694436665361e+00 2.738476258488439452e+00 2.757923017681727984e+00 2.776918100843710491e+00 2.795431593512081925e+00 2.813432559652444098e+00 2.830889066355472661e+00 2.847768156874376899e+00 2.864035911457714523e+00 2.879657412811323258e+00 2.894596867608501434e+00 2.908817538200959341e+00 2.922281915357143767e+00 2.934951682494854275e+00 2.946787823689649866e+00 2.957750818065395748e+00 2.967835751975467229e+00 2.976932418685525050e+00 2.985034796509983934e+00 2.992102123659226898e+00 2.998093968863567493e+00 3.002970118378438968e+00 3.006690895295657029e+00 3.009217668285193881e+00 3.010512664629905188e+00 3.010539587608807022e+00 3.009263533842938099e+00 3.006651484058980639e+00 3.002672650223024764e+00 2.997298915787296458e+00 2.990505547407916520e+00 2.982271289612084431e+00
1.247252695714488269e+00 1.265651816045497480e+00 1.284239381420427373e+00 1.303014488957004557e+00 1.321976145858471119e+00 1.341123268618660713e+00 1.360454681833453749e+00 1.379969116767756576e+00 1.399665209781769670e+00 1.419541501247204796e+00 1.439596433165302614e+00 1.459828347040390328e+00 1.480235481755166393e+00 1.500815971044961783e+00 1.521567840635273949e+00 1.542489004701723010e+00 1.563577262134816737e+00 1.584830293990874939e+00 1.606245658136511656e+00 1.627820784591788916e+00 1.649552970787009576e+00 1.671439376188495363e+00 1.693477013895894556e+00 1.715666398322490904e+00 1.737996992309250199e+00 1.760468934777876804e+00 1.783078593983705717e+00 1.805822161270010939e+00 1.828695631437651015e+00 1.851694807984496594e+00 1.874815272505179431e+00 1.898052401074910467e+00 1.921401324791585097e+00 1.944856940014000335e+00 1.968413879275580092e+00 1.992066512208963580e+00 2.015808918821490714e+00 2.039634877755536646e+00 2.063537860122437451e+00 2.087510991140120620e+00 2.111547060798625530e+00 2.135638469193101407e+00 2.159777247692546531e+00 2.183954981607115542e+00 2.208162845006390818e+00 2.232391518503050065e+00 2.256631202524367552e+00 2.280871560896382100e+00 2.305101698191033499e+00 2.329309955674031318e+00 2.353483773354954511e+00 2.377620595712523599e+00 2.401685128839405881e+00 2.425673704349092130e+00 2.449571764402479701e+00 2.473364447630122420e+00 2.497036396940118586e+00 2.520571534294692828e+00 2.543952960212551684e+00 2.567162852384772265e+00 2.590182491642539553e+00 2.612992238622021013e+00 2.635571536231828382e+00 2.657898911008957477e+00 2.679951959122564453e+00 2.701707353435202741e+00 2.723140750652864650e+00 2.744226892556305142e+00 2.764939482383941716e+00 2.785251213811903881e+00 2.805133791324431858e+00 2.824557853951052078e+00 2.843493042597013520e+00 2.861907940140491657e+00 2.879770096544794988e+00 2.897046062457362403e+00 2.913701364742656175e+00 2.929700582617431603e+00 2.945007312430089730e+00 2.959584306012554844e+00 2.973393405379642918e+00 2.986395742250745222e+00 2.998586255725821825e+00 3.009856199238061691e+00 3.020198913642857530e+00 3.029573261656451244e+00 3.037937972113721852e+00 3.045251723976805103e+00 3.051473225658515531e+00 3.056561752976344248e+00 3.060477013401420532e+00 3.063179562319851890e+00 3.064631170159124895e+00 3.064794684454980267e+00 3.063634723633664070e+00 3.061117608832840897e+00 3.057211942753021106e+00 3.051889060321561598e+00 3.045123470583551040e+00 3.036893506546313404e+00
1.263853826915635414e+00 1.282572107917874460e+00 1.301484199141997422e+00 1.320589207123053166e+00 1.339886145111953697e+00 1.359373930750223503e+00 1.379051385168669874e+00 1.398917231603984623e+00 1.418970093732440985e+00 1.439208493855999915e+00 1.459630851719511124e+00 1.480235481755166393e+00 1.501020590684816858e+00 1.521984275168010603e+00 1.543124518999503758e+00 1.564439189936963182e+00 1.585926035764144482e+00 1.607582680178489376e+00 1.629406620158037278e+00 1.651395220001281805e+00 1.673545706281227341e+00 1.695855162757056611e+00 1.718324174310153607e+00 1.740942270912546608e+00 1.763709672154320840e+00 1.786622822649012843e+00 1.809677994444528037e+00 1.832871270810209063e+00 1.856198545145627987e+00 1.879655499026313681e+00 1.903237609253998208e+00 1.926940113334232318e+00 1.950758029470843313e+00 1.974686112006954319e+00 1.998718864300426112e+00 2.022850506330947873e+00 2.047074976914912359e+00 2.071385904099488862e+00 2.095776592928128235e+00 2.120240019247492835e+00 2.144768787321182923e+00 2.169355142534958869e+00 2.193990910713186970e+00 2.218667522330648456e+00 2.243375925537098414e+00 2.268106626176062512e+00 2.292849600394958109e+00 2.317594303939397360e+00 2.342329606263705344e+00 2.367043603031970367e+00 2.391734246677356790e+00 2.416366503769418639e+00 2.440936817432759920e+00 2.465430635703499185e+00 2.489833152562038521e+00 2.514129247827564750e+00 2.538303301465000938e+00 2.562338975772268324e+00 2.586219056062792898e+00 2.609925434768301855e+00 2.633439053179716272e+00 2.656739947302227733e+00 2.679807220501390308e+00 2.702619040115743942e+00 2.725152633611059638e+00 2.747384270754241520e+00 2.769289270389833302e+00 2.790841901114066381e+00 2.812015492319316579e+00 2.832782303743042185e+00 2.853113560639164437e+00 2.872979478506549000e+00 2.892349186323178056e+00 2.911190798972961069e+00 2.929471364282507206e+00 2.947156890928674500e+00 2.964212392993204048e+00 2.980601868314261438e+00 2.996288391687643049e+00 3.011234078476592302e+00 3.025400241801923684e+00 3.038781856211730137e+00 3.051270290002527474e+00 3.062858624605239832e+00 3.073505478150479142e+00 3.083169216349067820e+00 3.091807809256771122e+00 3.099379271710768879e+00 3.105841749117106865e+00 3.111153612238583221e+00 3.115274073852509318e+00 3.118163076348192231e+00 3.119781542958096843e+00 3.120091886549453353e+00 3.119057832633143512e+00 3.116645223507206186e+00 3.112822018086905285e+00 3.107558942044584160e+00 3.100829971308084243e+00 3.092612699159007050e+00
1.280581862276950922e+00 1.299622767139420265e+00 1.318862985897718998e+00 1.338301640620244592e+00 1.357937753644953727e+00 1.377770248441611889e+00 1.397797946805062752e+00 1.418019567849234663e+00 1.438433726413429703e+00 1.459038931141745321e+00 1.479833582408814685e+00 1.500815971044961783e+00 1.521984275168010603e+00 1.543336557497738903e+00 1.564870762760605105e+00 1.586584714592596868e+00 1.608476112042148465e+00 1.630542525203663606e+00 1.652781390701157260e+00 1.675190008996595203e+00 1.697765537764217569e+00 1.720508638706263138e+00 1.743408915449730978e+00 1.766466664334177983e+00 1.789678411044134387e+00 1.813040514152167271e+00 1.836549141365950266e+00 1.860200275329451092e+00 1.883989695519064034e+00 1.907912977831841772e+00 1.931965470044327171e+00 1.956142300948404023e+00 1.980438341440723837e+00 2.004848228610737859e+00 2.029366315478418503e+00 2.053986686838308096e+00 2.078703123178204049e+00 2.103509104344993830e+00 2.128397776699448851e+00 2.153361940324028279e+00 2.178394042709491885e+00 2.203486131916677859e+00 2.228629871372086679e+00 2.253816472498722412e+00 2.279036720724917142e+00 2.304280882111664486e+00 2.329538747964894796e+00 2.354799534807594963e+00 2.380051888312963992e+00 2.405294442752766937e+00 2.430492611851382989e+00 2.455643162569813409e+00 2.480731623155971732e+00 2.505743150217007553e+00 2.530662688268964899e+00 2.555474869117081216e+00 2.580163798725425561e+00 2.604712853774624914e+00 2.629104537797116503e+00 2.653320403180551512e+00 2.677341088067182628e+00 2.701146267540386336e+00 2.724714702613472816e+00 2.748024202615119371e+00 2.771051616577612009e+00 2.793772826054513825e+00 2.816162725270524803e+00 2.838195228969589756e+00 2.859843167674551268e+00 2.881078409507816129e+00 2.901871723640424339e+00 2.922192823443905407e+00 2.942010392517187878e+00 2.961292011682065350e+00 2.980004236021378983e+00 2.998112550868092363e+00 3.015581402819787371e+00 3.032374256725916872e+00 3.048453576782780505e+00 3.063814860306413035e+00 3.078351490470745855e+00 3.092056732388297480e+00 3.104889688839450379e+00 3.116808925249930251e+00 3.127772416723118454e+00 3.137737734554838731e+00 3.146662359800522335e+00 3.154503511930408788e+00 3.161218661546497444e+00 3.166765615062136607e+00 3.171102632385273346e+00 3.174189190847180875e+00 3.175985596108888309e+00 3.176453372285072962e+00 3.175555837006685422e+00 3.173257898622591888e+00 3.169527040737465384e+00 3.164333374178656122e+00 3.157650272937972069e+00 3.149454816576929606e+00
1.297435394023398691e+00 1.316802330685560740e+00 1.336374224859378623e+00 1.356150217000610558e+00 1.376129345247085078e+00 1.396310541774628433e+00 1.416692633986776917e+00 1.437274341152611878e+00 1.458054273299890680e+00 1.479030929394524962e+00 1.500202695142179410e+00 1.521567840635273949e+00 1.543124518999503758e+00 1.564870762760605105e+00 1.586804480850576349e+00 1.608923455763812349e+00 1.631225340147966829e+00 1.653707652961168284e+00 1.676367774640809216e+00 1.699202942155962903e+00 1.722213900559549149e+00 1.745390331275595397e+00 1.768732614290907668e+00 1.792237362172511395e+00 1.815901015604034052e+00 1.839719831996238897e+00 1.863689889848984649e+00 1.887807061713005163e+00 1.912067021880907047e+00 1.936465226173398113e+00 1.960996912327241493e+00 1.985657072578760785e+00 2.010440465180913794e+00 2.035341570593304894e+00 2.060354620179285945e+00 2.085473539581895963e+00 2.110691967879814612e+00 2.136003217394347509e+00 2.161400278963724553e+00 2.186875785453014309e+00 2.212421998318285343e+00 2.238030801040332918e+00 2.263693647367535533e+00 2.289401577897633544e+00 2.315145144756775686e+00 2.340914444658928062e+00 2.366699011801323582e+00 2.392498549845403222e+00 2.418280232099270233e+00 2.444042146943924632e+00 2.469770882162654946e+00 2.495452257921474626e+00 2.521071505004359281e+00 2.546613521923936752e+00 2.572062970945133031e+00 2.597404233361868098e+00 2.622621151716745924e+00 2.647696803876514515e+00 2.672613382798869619e+00 2.697352138535885846e+00 2.721893345914453644e+00 2.746216360355992148e+00 2.770299560691880103e+00 2.794120396159090802e+00 2.817655338850474589e+00 2.840879872089137503e+00 2.863768481702679392e+00 2.886294635598170011e+00 2.908430793754788191e+00 2.930148299052529381e+00 2.951417510545484735e+00 2.972207662605018896e+00 2.992486913458874298e+00 3.012222375281542242e+00 3.031380047227038244e+00 3.049924895562789562e+00 3.067820822321826846e+00 3.085030698723455256e+00 3.101550341935621624e+00 3.117273443463406846e+00 3.132193449807256780e+00 3.146269575477880220e+00 3.159460357351142612e+00 3.171723609602457916e+00 3.183016724882266058e+00 3.193296611926882633e+00 3.202519915106293524e+00 3.210643377672959708e+00 3.217623636060079395e+00 3.223417813428398393e+00 3.227983606605839828e+00 3.231279497539532919e+00 3.233265353387807739e+00 3.233902071369987752e+00 3.233152034364134675e+00 3.230979774377105151e+00 3.227351800682429328e+00 3.222237761135498424e+00 3.215610458043338671e+00 3.207446379383361634e+00
1.314412942223465386e+00 1.334109261701888371e+00 1.354016320959817499e+00 1.374133284825041157e+00 1.394459209826360180e+00 1.414993044250888232e+00 1.435733623771615397e+00 1.456679673050697676e+00 1.477829801737242210e+00 1.499182503265538369e+00 1.520736152793176199e+00 1.542489004701723010e+00 1.564439189936963182e+00 1.586584714592596868e+00 1.608923455763812349e+00 1.631453158224019040e+00 1.654171431323520292e+00 1.677075745251026095e+00 1.700163426824300883e+00 1.723435309861715892e+00 1.746881159985990584e+00 1.770501447697168107e+00 1.794292875196925596e+00 1.818251973360476281e+00 1.842375095544865671e+00 1.866658410491245590e+00 1.891097889726118586e+00 1.915689313445551711e+00 1.940428239769642627e+00 1.965310014636741709e+00 1.990329749236892543e+00 2.015482321325756665e+00 2.040762344617238266e+00 2.066164182996062415e+00 2.091681901249546449e+00 2.117309298917930516e+00 2.143039846591250797e+00 2.168866708726817194e+00 2.194782698876191596e+00 2.220780286717419116e+00 2.246851557462183901e+00 2.272988197663769139e+00 2.299181488219999903e+00 2.325422246437263141e+00 2.351700845850206889e+00 2.378007134744784867e+00 2.404341170035691366e+00 2.430670447665450595e+00 2.456993694988167665e+00 2.483298159456367227e+00 2.509570141510865771e+00 2.535795148069126981e+00 2.561958130305676207e+00 2.588043703175433308e+00 2.614036284055811787e+00 2.639919966161043519e+00 2.665678324037074276e+00 2.691294147657385505e+00 2.716749304789238373e+00 2.742024711856225760e+00 2.767100323032578579e+00 2.791955108048610246e+00 2.816567110156480425e+00 2.840913374721908635e+00 2.864969995693637639e+00 2.888712059891652473e+00 2.912113634464423395e+00 2.935147758001595886e+00 2.957786420733342858e+00 2.980000577506396908e+00 3.001760035162567064e+00 3.023033598724961468e+00 3.043788923561978610e+00 3.063992572963525340e+00 3.083610052651659217e+00 3.102605751582906635e+00 3.120943024673906940e+00 3.138618073481063586e+00 3.155524959469992563e+00 3.171657392588272284e+00 3.186974793835730235e+00 3.201435804117716444e+00 3.214998244649700965e+00 3.227619345103357684e+00 3.239255709232535807e+00 3.249863657563660357e+00 3.259399152898726726e+00 3.267818056672197269e+00 3.275076547299084595e+00 3.281130872417494349e+00 3.285938039576660419e+00 3.289455981218746494e+00 3.291643513061904613e+00 3.292461119518491408e+00 3.291870547061518160e+00 3.289835341296844629e+00 3.286321677339043568e+00 3.281298193652419926e+00 3.274737250991144322e+00 3.266614819503194767e+00
