1.600897988283846551e+00 1.623530544130949771e+00 1.646375539933618626e+00 1.669432146445361864e+00 1.692699479649342642e+00 1.716176600235684191e+00 1.739862512978613607e+00 1.763756165648351804e+00 1.787856447720848507e+00 1.812166092336859213e+00 1.836676115447330782e+00 1.861389069631137705e+00 1.886303592422736042e+00 1.911418250935608132e+00 1.936731539711202599e+00 1.962241876027776000e+00 1.987947596643358406e+00 2.013846951480996683e+00 2.039938100738951654e+00 2.066219105961494051e+00 2.092687928388428986e+00 2.119342417569536785e+00 2.146180308115367641e+00 2.173199209094966555e+00 2.200396598441150875e+00 2.227769811918831167e+00 2.255316034291499960e+00 2.283032291799861557e+00 2.310915436809403367e+00 2.338962143556184703e+00 2.367168888054126619e+00 2.395531946287742020e+00 2.424047367601144032e+00 2.452710976319181668e+00 2.481518343195741050e+00 2.510464781509450294e+00 2.539556595666943029e+00 2.568766134165198167e+00 2.598098944985828496e+00 2.627549124572179817e+00 2.657110413287279815e+00 2.686776187080102130e+00 2.716539424963054561e+00 2.746392684973176568e+00 2.776328084569132493e+00 2.806337270917595550e+00 2.836411383412047460e+00 2.866541034082011219e+00 2.896716249306628743e+00 2.926926413131836213e+00 2.957160107027841267e+00 2.987405178698005148e+00 3.017648829143553701e+00 3.047877725413543182e+00 3.078078093538181736e+00 3.108235680865639061e+00 3.138335692743039473e+00 3.168362607300313272e+00 3.198300073275032851e+00 3.228130859832255339e+00 3.257836792938311188e+00 3.287398781562942851e+00 3.316796770603763989e+00 3.346009744120762353e+00 3.375015711851554467e+00 3.403791675217325619e+00 3.432347391956709792e+00 3.460590699510130097e+00 3.488528771443672127e+00 3.516134346285213930e+00 3.543379052333857970e+00 3.570233367982480033e+00 3.596666600086693144e+00 3.622646882708941085e+00 3.648141120969465412e+00 3.673115004644677217e+00 3.697533000824624327e+00 3.721358299584736962e+00 3.744552882430553176e+00 3.767077455364824079e+00 3.788891451207334171e+00 3.809953089822411432e+00 3.830219328686381264e+00 3.849645973986524528e+00 3.868187567545960714e+00 3.885797580150127661e+00 3.902428362594590805e+00 3.918031199083103377e+00 3.932556539766813852e+00 3.945953915113532329e+00 3.958171935460729429e+00 3.969158881699747621e+00 3.978862274889996886e+00 3.987229452789497142e+00 3.994207050952671700e+00 3.999741770442942101e+00 4.003780651843777960e+00 4.006270900955812841e+00 4.007161255796019894e+00 4.006400959895285219e+00
1.623530544130949771e+00 1.646578227556055429e+00 1.669844170026738572e+00 1.693327512620406372e+00 1.717027337395601982e+00 1.740942666921004855e+00 1.765072463577741502e+00 1.789415628792756507e+00 1.813974908009176268e+00 1.838741319532884999e+00 1.863717424606688988e+00 1.888901865366693578e+00 1.914293213352709300e+00 1.939889967748409383e+00 1.965690550317099827e+00 1.991693303268195603e+00 2.017896484002659641e+00 2.044298261738415334e+00 2.070896710434874777e+00 2.097689806033647741e+00 2.124675416362467928e+00 2.151851300041376813e+00 2.179215093598831032e+00 2.206764308558766707e+00 2.234496319717688362e+00 2.262408359556983495e+00 2.290497506188936772e+00 2.318760674056914439e+00 2.347194606223922619e+00 2.375795857507346565e+00 2.404560790761647304e+00 2.433485554625153036e+00 2.462566082759647390e+00 2.491798064172943583e+00 2.521176946545493625e+00 2.550709204861973944e+00 2.580367288628186095e+00 2.610156945431159503e+00 2.640072459550947048e+00 2.670107776299984526e+00 2.700256488265118104e+00 2.730511805674519454e+00 2.760866547812163230e+00 2.791313107364522317e+00 2.821843424276138990e+00 2.852448964275779097e+00 2.883120686274221356e+00 2.913848996091010779e+00 2.944623728703506416e+00 2.975434044927488753e+00 3.006268293803899372e+00 3.037114072809670162e+00 3.067958322787211589e+00 3.098787450458086568e+00 3.129587418739038895e+00 3.160343744635180752e+00 3.191041353539242120e+00 3.221664476785791820e+00 3.252196485095395051e+00 3.282619837098371907e+00 3.312916067971972467e+00 3.343065739245620005e+00 3.373048471373477408e+00 3.402842890171854595e+00 3.432426627072877157e+00 3.461810165535275541e+00 3.490901831680727430e+00 3.519709528294351131e+00 3.548206659343796421e+00 3.576365538600484228e+00 3.604157309067249848e+00 3.631551965709150842e+00 3.658518310754567793e+00 3.685023935187186517e+00 3.711035223108717140e+00 3.736517289179304147e+00 3.761434002764798112e+00 3.785747981221879943e+00 3.809420534417714777e+00 3.832411748472344559e+00 3.854680409890627768e+00 3.876184016737527216e+00 3.896878854123737135e+00 3.916719939074774004e+00 3.935661156090598745e+00 3.953655140381239441e+00 3.970653490064108393e+00 3.986606728749621631e+00 4.001464372518876544e+00 4.015175187936236512e+00 4.027687118874085925e+00 4.038947293956617557e+00 4.048902582938609385e+00 4.057499191749342593e+00 4.064683282758963401e+00 4.070400460447135771e+00 4.074596694242248240e+00 4.077218693163595198e+00 4.078328264636601475e+00 4.077647629914058491e+00
1.646375539933618626e+00 1.669844170026738572e+00 1.693537066451849427e+00 1.717453343402068899e+00 1.741592051542065533e+00 1.765952177631621156e+00 1.790532643873867791e+00 1.815336215397479247e+00 1.840353921728905995e+00 1.865588338466018570e+00 1.891038118414797520e+00 1.916701842701579173e+00 1.942578018369258031e+00 1.968665075098425143e+00 1.994961363443562119e+00 2.021465148994682437e+00 2.048174610311725985e+00 2.075087833039760632e+00 2.102202806440812921e+00 2.129517415462995444e+00 2.157029438185664283e+00 2.184736534409371878e+00 2.212636245259615553e+00 2.240725978589579448e+00 2.269003006534585865e+00 2.297464452533635182e+00 2.326107285810428582e+00 2.354928308189087272e+00 2.383924144319172100e+00 2.413091233798676072e+00 2.442425812634469562e+00 2.471923910191458074e+00 2.501581324532545114e+00 2.531393622895742546e+00 2.561367436450971091e+00 2.591475306797135669e+00 2.621723161820570080e+00 2.652105456193934785e+00 2.682616320953279843e+00 2.713249551609205223e+00 2.743998579671802052e+00 2.774856458154182359e+00 2.805815829237662040e+00 2.836868915267628299e+00 2.868007479604449461e+00 2.899222798080859587e+00 2.930505635280706400e+00 2.961846201577921001e+00 2.993234115392677364e+00 3.024658325469672615e+00 3.056106927768734494e+00 3.087567265294879792e+00 3.119026013154357013e+00 3.150469310942034085e+00 3.181882860433085103e+00 3.213251912684736311e+00 3.244561156515873623e+00 3.275794524182595868e+00 3.306935120589054922e+00 3.337965103591487015e+00 3.368865673607443600e+00 3.399617080879747899e+00 3.430198574486327256e+00 3.460621912533121680e+00 3.490797859980750761e+00 3.520735652426371765e+00 3.550410459369254923e+00 3.579796359446424603e+00 3.608866327601232271e+00 3.637592188434210172e+00 3.665944636701772730e+00 3.693893152693813686e+00 3.721406029485301747e+00 3.748450325605063416e+00 3.774991849487367546e+00 3.800995170750416818e+00 3.826423550524483908e+00 3.851238978042219596e+00 3.875402163846509485e+00 3.898872483153052571e+00 3.921608077531335113e+00 3.943565769116395892e+00 3.964701082820169642e+00 3.984968339579058050e+00 4.004320594528950394e+00 4.022709800809280978e+00 4.040086689419192467e+00 4.056401001412748286e+00 4.071601464660015601e+00 4.085635875678850226e+00 4.098451392210813005e+00 4.109994479362057973e+00 4.120210794683452526e+00 4.129045883506083037e+00 4.136444731927997331e+00 4.142352485760128822e+00 4.146713980701387747e+00 4.149589151665118436e+00 4.150698276159536348e+00 4.150101189632726673e+00
1.669432146445361864e+00 1.693327512620406372e+00 1.717453343402068899e+00 1.741808729218965679e+00 1.766392692228592187e+00 1.791204185990155739e+00 1.816246004684066939e+00 1.841509199445449330e+00 1.866996367770627385e+00 1.892706180835920682e+00 1.918637235808532404e+00 1.944788053863090171e+00 1.971157077916909417e+00 1.997742669948079808e+00 2.024543107297009925e+00 2.051556580939326579e+00 2.078781188760072229e+00 2.106214933617321705e+00 2.133855716752130594e+00 2.161701334254019446e+00 2.189749468176318103e+00 2.217997684277484449e+00 2.246443419099421135e+00 2.275083980456334309e+00 2.303916530893566517e+00 2.332938085841579134e+00 2.362145499234777457e+00 2.391535458134395942e+00 2.421104468292978318e+00 2.450848843896284990e+00 2.480764699547308716e+00 2.510847929873788686e+00 2.541094207284925410e+00 2.571510308782740672e+00 2.602068854838254008e+00 2.632775938573824970e+00 2.663626173638671712e+00 2.694613857423697745e+00 2.725732969834103514e+00 2.756977143216667869e+00 2.788339649966903533e+00 2.819813371423337767e+00 2.851390782475852426e+00 2.883063916206852539e+00 2.914824354259041073e+00 2.946663183804123953e+00 2.978570965729743669e+00 3.010537701093625618e+00 3.042552803667927463e+00 3.074604980909906526e+00 3.106682088246256246e+00 3.138771191993627419e+00 3.170858697585765551e+00 3.202930472830558095e+00 3.234971952040315735e+00 3.266968123654258704e+00 3.298903400495580396e+00 3.330761463993472393e+00 3.362525095020111543e+00 3.394176164493093228e+00 3.425695548822889513e+00 3.457063139165397647e+00 3.488291415921742633e+00 3.519291606666976158e+00 3.550073697645275139e+00 3.580613503872584591e+00 3.610885767874258079e+00 3.640864141430902201e+00 3.670521141488328087e+00 3.699828139482838729e+00 3.728755311815467266e+00 3.757271666170859170e+00 3.785344949950933291e+00 3.812941686050861811e+00 3.840027121565990242e+00 3.866565216070245725e+00 3.892518661600014696e+00 3.917848804404124863e+00 3.942515695795954844e+00 3.966478084660486569e+00 3.989693360254935595e+00 4.012117675121784188e+00 4.033705848131965865e+00 4.054411400022298828e+00 4.074186667113598226e+00 4.092982731608747038e+00 4.110749617883886486e+00 4.127436169265246590e+00 4.142990301154032551e+00 4.157358994655782958e+00 4.170488402677488438e+00 4.182324188488157901e+00 4.192811344162701737e+00 4.201894138895966968e+00 4.209516889214814483e+00 4.215735559013092271e+00 4.220272538286547359e+00 4.223182299894004288e+00 4.224410484910557706e+00 4.223904328813982367e+00
1.692699479649342642e+00 1.717027337395601982e+00 1.741592051542065533e+00 1.766392692228592187e+00 1.791428256333599700e+00 1.816701577663448974e+00 1.842203741213234602e+00 1.867937376052170695e+00 1.893901180921236271e+00 1.920093777412452019e+00 1.946513708740990944e+00 1.973159437588713594e+00 2.000029343853962249e+00 2.027121722120359681e+00 2.054434778678154494e+00 2.081966627362480615e+00 2.109715287912635517e+00 2.137678678229743667e+00 2.165854612641978427e+00 2.194240794525711635e+00 2.222834812752302547e+00 2.251634131716006682e+00 2.280636089472999117e+00 2.309837883118574187e+00 2.339236570360242240e+00 2.368829050768470612e+00 2.398612064685254897e+00 2.428582177275764753e+00 2.458735773377489942e+00 2.489069041677876015e+00 2.519577963965707212e+00 2.550269533516215326e+00 2.581116979232309649e+00 2.612126667393134483e+00 2.643293619500735936e+00 2.674612591560109109e+00 2.706078032854692061e+00 2.737684096067799722e+00 2.769424593618245112e+00 2.801292997521889205e+00 2.833282406459758374e+00 2.865385532753361275e+00 2.897594668308642429e+00 2.929901668133368720e+00 2.962297911598401612e+00 2.994774291931861843e+00 3.027321167348315356e+00 3.059928321441045540e+00 3.092584946681141034e+00 3.125279521820893525e+00 3.157999629789784546e+00 3.190732074242018435e+00 3.223462967817533720e+00 3.256177903325342626e+00 3.288862044215849600e+00 3.321500109918168242e+00 3.354076241391668045e+00 3.386573825199326926e+00 3.418975371771974636e+00 3.451262400599066638e+00 3.483448667867854009e+00 3.515447802500992314e+00 3.547271073231256899e+00 3.578896012226313150e+00 3.610299082567542506e+00 3.641455709843726574e+00 3.672340208253283222e+00 3.702925776569266247e+00 3.733184480254840842e+00 3.763087204921173878e+00 3.792603648739325983e+00 3.821702270650642053e+00 3.850350320054542141e+00 3.878513741500185130e+00 3.906157219321952478e+00 3.933244121817772943e+00 3.959736494751723512e+00 3.985595091402810208e+00 4.010779283630847125e+00 4.035247129332365290e+00 4.058955364101848318e+00 4.081859344497560826e+00 4.103913195799680835e+00 4.125069702214776868e+00 4.145280358240341023e+00 4.164495505873683001e+00 4.182664255636020734e+00 4.199734720036368607e+00 4.215653887444295478e+00 4.230367896692078133e+00 4.243822059213123055e+00 4.255961005587847623e+00 4.266728902119604427e+00 4.276179244430426962e+00 4.284037198117091272e+00 4.290353986226142169e+00 4.295072749593777495e+00 4.298137527545409675e+00 4.299492775478965356e+00 4.299084557974055087e+00
1.716176600235684191e+00 1.740942666921004855e+00 1.765952177631621156e+00 1.791204185990155739e+00 1.816701577663448974e+00 1.842435485154750419e+00 1.868408579933901414e+00 1.894619599471298876e+00 1.921067200469412484e+00 1.947749957555020117e+00 1.974666361708508067e+00 2.001814818876462176e+00 2.029193647474577755e+00 2.056801075851501626e+00 2.084635239474964319e+00 2.112694177637089332e+00 2.140975828781130907e+00 2.169478029006644437e+00 2.198198503161316264e+00 2.227134863405714427e+00 2.256284600948234687e+00 2.285645082501234437e+00 2.315213539103234019e+00 2.344987064776569596e+00 2.374962599974811628e+00 2.405136934471741927e+00 2.435506686108198426e+00 2.466068300631500065e+00 2.496818033996162089e+00 2.527751947535628929e+00 2.558877139787488542e+00 2.590166892092223172e+00 2.621627696582019329e+00 2.653254691820682076e+00 2.685042760054860977e+00 2.716986493574816475e+00 2.749080200173090738e+00 2.781317857142936223e+00 2.813693124268522361e+00 2.846199295222864745e+00 2.878829298588525099e+00 2.911575661737693110e+00 2.944430497006739422e+00 2.977385464330661868e+00 3.010431753437075919e+00 3.043560041341335509e+00 3.076760477705835939e+00 3.110022631682837435e+00 3.143335463761663728e+00 3.176687205776911327e+00 3.210065181521932764e+00 3.243455897886027284e+00 3.276845190709397837e+00 3.310218354575277910e+00 3.343560279473350327e+00 3.376855413282273677e+00 3.410087617850498631e+00 3.443239989463628969e+00 3.476294719097695829e+00 3.509266308163391912e+00 3.542068859139710924e+00 3.574714407244258929e+00 3.607181115867093446e+00 3.639446108535495661e+00 3.671485473888174145e+00 3.703274190481241845e+00 3.734786159462518462e+00 3.765994126014497123e+00 3.796869675318106818e+00 3.827383215859482046e+00 3.857503930704841988e+00 3.887199774660559548e+00 3.916437416624106937e+00 3.945182276704312319e+00 3.973398426510078796e+00 4.001048643885088296e+00 4.028094352384166577e+00 4.054495620857927030e+00 4.080211204692390403e+00 4.105198444011650238e+00 4.129413351084437522e+00 4.152810601265831458e+00 4.175343477803858505e+00 4.196964048280406701e+00 4.217623039929096151e+00 4.237269909655760891e+00 4.255853008101381896e+00 4.273319489686707939e+00 4.289615588305196070e+00 4.304686488175001102e+00 4.318476629407797418e+00 4.330929782481560686e+00 4.342098817007326694e+00 4.351708890819068642e+00 4.359810194095817160e+00 4.366344559832582739e+00 4.371254450987146711e+00 4.374482612696569461e+00 4.375973150203408935e+00 4.375670925197236549e+00
1.739862512978613607e+00 1.765072463577741502e+00 1.790532643873867791e+00 1.816246004684066939e+00 1.842203741213234602e+00 1.868408579933901414e+00 1.894859309606470088e+00 1.921554633802781575e+00 1.948493170034612199e+00 1.975673448610268279e+00 2.003093911065124022e+00 2.030752908323669725e+00 2.058648699152558770e+00 2.086779447287412381e+00 2.115143218590671559e+00 2.143737977938635630e+00 2.172561585590775390e+00 2.201611791948895114e+00 2.230886236285414714e+00 2.260382436509011050e+00 2.290097788113860666e+00 2.320029554928677129e+00 2.350174865642038480e+00 2.380530701267927984e+00 2.411093894460049736e+00 2.441861110775887411e+00 2.472828853144491301e+00 2.503993437778181619e+00 2.535350995141598673e+00 2.566908720706865932e+00 2.598639943485031800e+00 2.630551267561122231e+00 2.662637938733820597e+00 2.694894953906950441e+00 2.727317033866194951e+00 2.759898624396805999e+00 2.792633858957304760e+00 2.825516566246946581e+00 2.858540218880893935e+00 2.891697949560972258e+00 2.924982496967787782e+00 2.958386207983800809e+00 2.991900998016048252e+00 3.025518336157534183e+00 3.059229204117541290e+00 3.093024076796752286e+00 3.126892870964506521e+00 3.160824936718586997e+00 3.194809004008492881e+00 3.228833045908042543e+00 3.262884107149911284e+00 3.296948412864867617e+00 3.331011486458213433e+00 3.365058342903294974e+00 3.399073575464367281e+00 3.433041357688674911e+00 3.466945269921110739e+00 3.500768109653579874e+00 3.534525112805785518e+00 3.568130903975203605e+00 3.601598264369791913e+00 3.634906001735366043e+00 3.668031929240149758e+00 3.700952776098074271e+00 3.733644196482910793e+00 3.766080771916509029e+00 3.798235929476590833e+00 3.830081976418752365e+00 3.861590018016765935e+00 3.892729953903375950e+00 3.923470463346338200e+00 3.953778955329898981e+00 3.983621567719290990e+00 4.012963106997209373e+00 4.041767092896267677e+00 4.069995654361385995e+00 4.097609596384842234e+00 4.124568333736284842e+00 4.150829897163412774e+00 4.176350987381361790e+00 4.201086858590308282e+00 4.224991430025335504e+00 4.248017276137751708e+00 4.270115573937991016e+00 4.291236312309798073e+00 4.311328150067660125e+00 4.330338507827161898e+00 4.348213762597105791e+00 4.364899144668891395e+00 4.380339060849086863e+00 4.394584776883315058e+00 4.407365430447024224e+00 4.418729219644395023e+00 4.428617791860082420e+00 4.436972581021362494e+00 4.443734763547142030e+00 4.448845312698298748e+00 4.452246306050823499e+00 4.453880531624923478e+00 4.453692562029662128e+00
1.763756165648351804e+00 1.789415628792756507e+00 1.815336215397479247e+00 1.841509199445449330e+00 1.867937376052170695e+00 1.894619599471298876e+00 1.921554633802781575e+00 1.948741152305134117e+00 1.976177736608873525e+00 2.003862875632715479e+00 2.031794964206587117e+00 2.059972301216120183e+00 2.088393087475380216e+00 2.117055424022627808e+00 2.145957308831909494e+00 2.175096633644089117e+00 2.204471180536465180e+00 2.234078617936500866e+00 2.263916494765597420e+00 2.293982239461046291e+00 2.324273148221541962e+00 2.354786384475144878e+00 2.385518968522082783e+00 2.416467774188324924e+00 2.447629514770781611e+00 2.479000743166168252e+00 2.510577830668120569e+00 2.542356973310340607e+00 2.574345454692098745e+00 2.606516643388514076e+00 2.638877246985314784e+00 2.671422610774261575e+00 2.704147833155054137e+00 2.737047753365400293e+00 2.770116943169432577e+00 2.803349676855545258e+00 2.836739933803677172e+00 2.870281357063352079e+00 2.903967263254427777e+00 2.937790585317773484e+00 2.971743892174716795e+00 3.005819328486487585e+00 3.040008618090052295e+00 3.074303020354415494e+00 3.108693314074454594e+00 3.143169751876740303e+00 3.177722034056012834e+00 3.212339265629429175e+00 3.247009939904705433e+00 3.281721771968062473e+00 3.316461514704704960e+00 3.351215090677104325e+00 3.385967728280785405e+00 3.420704126307986481e+00 3.455408602556101716e+00 3.490065032024561642e+00 3.524689699356400308e+00 3.559199576043946323e+00 3.593608757037378698e+00 3.627897784077287024e+00 3.662046160595950006e+00 3.696032360294994934e+00 3.729833760955571176e+00 3.763426720293487460e+00 3.796786473548559471e+00 3.829887140987682681e+00 3.862701728939257340e+00 3.895202042527791342e+00 3.927358722838816707e+00 3.959141162208934528e+00 3.990517501140344425e+00 4.021454617203717774e+00 4.051918070039767450e+00 4.081872107227792590e+00 4.111279600456878569e+00 4.140102098344549120e+00 4.168299718981950619e+00 4.195831230217109464e+00 4.222653975929127057e+00 4.248723889762284323e+00 4.273995564381398715e+00 4.298422118572349682e+00 4.321955337578977208e+00 4.344545662150649967e+00 4.366142139442489523e+00 4.386692669889338703e+00 4.406143845263409631e+00 4.424441065926811412e+00 4.441528769845141333e+00 4.457458064527432207e+00 4.471957957124632621e+00 4.485076288015005908e+00 4.496754343276966104e+00 4.506932850970285287e+00 4.515552097302998114e+00 4.522552354250113815e+00 4.527873954084081554e+00 4.531457417537714250e+00 4.533244887646438848e+00 4.533179602677841480e+00
1.787856447720848507e+00 1.813974908009176268e+00 1.840353921728905995e+00 1.866996367770627385e+00 1.893901180921236271e+00 1.921067200469412484e+00 1.948493170034612199e+00 1.976177736608873525e+00 2.004119449657897789e+00 2.032316760138091816e+00 2.060768019183820687e+00 2.089471476478319101e+00 2.118425278085919405e+00 2.147627464012078491e+00 2.177075966346761593e+00 2.206768605516829407e+00 2.236703086766986370e+00 2.266876996405937650e+00 2.297287797438205548e+00 2.327932823013285635e+00 2.358809275852896459e+00 2.389914214764333522e+00 2.421244554765931589e+00 2.452797055492137002e+00 2.484568318044745094e+00 2.516554769235821887e+00 2.548752662710051631e+00 2.581169363209506962e+00 2.613778278694295132e+00 2.646586211074426043e+00 2.679588593163098054e+00 2.712780617901654701e+00 2.746157235199304214e+00 2.779713128834740310e+00 2.813442703654484678e+00 2.847340077230960276e+00 2.881399046785101170e+00 2.915613093365278630e+00 2.949975335879212679e+00 2.984478543542826046e+00 3.019115072046921089e+00 3.053876887002752838e+00 3.088755496881624651e+00 3.123741957637963473e+00 3.158826824653121257e+00 3.194000133846059963e+00 3.229251348951314160e+00 3.264569346468034539e+00 3.299942355082921885e+00 3.335357823955196643e+00 3.370802214972587141e+00 3.406261135292458775e+00 3.441719497262920147e+00 3.477161704240246287e+00 3.512571760592460013e+00 3.547966339064883901e+00 3.583262732282557650e+00 3.618475754728753380e+00 3.653586632379938859e+00 3.688575556255891286e+00 3.723421664122300800e+00 3.758103030952836487e+00 3.792596679775984470e+00 3.826878504016891114e+00 3.860923345488573855e+00 3.894704879868136960e+00 3.928195624364041461e+00 3.961366938353201750e+00 3.994188931703894330e+00 4.026630504794417753e+00 4.058659262366929532e+00 4.090241512035347249e+00 4.121342253295756208e+00 4.151925121324385515e+00 4.181952400165541484e+00 4.211384954692305449e+00 4.240182293249227463e+00 4.268302456903507291e+00 4.295702114143047368e+00 4.322336478036308272e+00 4.348159329350844260e+00 4.373123104329804889e+00 4.397178743208988827e+00 4.420275864343223837e+00 4.442362751495178230e+00 4.463386309456576662e+00 4.483292353719805945e+00 4.502131363470121883e+00 4.519636652522676101e+00 4.535854983541798724e+00 4.550727922320363383e+00 4.564196544353946727e+00 4.576201119015932406e+00 4.586681413730205215e+00 4.595576762687950456e+00 4.602826249988774876e+00 4.608369281793995853e+00 4.612145768547430080e+00 4.614096234815619368e+00 4.614163305105164703e+00
1.812166092336859213e+00 1.838741319532884999e+00 1.865588338466018570e+00 1.892706180835920682e+00 1.920093777412452019e+00 1.947749957555020117e+00 1.975673448610268279e+00 2.003862875632715479e+00 2.032316760138091816e+00 2.061033518975047940e+00 2.090011463132997793e+00 2.119248796183094807e+00 2.148743612377625567e+00 2.178493894141693143e+00 2.208497509295349381e+00 2.238752209049886588e+00 2.269255623762607144e+00 2.300005259046108641e+00 2.330998491657172877e+00 2.362232564732830387e+00 2.393704580479442345e+00 2.425411500116819941e+00 2.457350128418319901e+00 2.489517114657284313e+00 2.521908939627643065e+00 2.554521912771872127e+00 2.587363479268602884e+00 2.620407080948609302e+00 2.653659606745729427e+00 2.687116573918860052e+00 2.720773262053528985e+00 2.754624718851798271e+00 2.788665733128893987e+00 2.822890832481741441e+00 2.857294257821322958e+00 2.891869950018233215e+00 2.926611541526967120e+00 2.961512319905306612e+00 2.996565233756607327e+00 3.031762841719913393e+00 3.067097327664365380e+00 3.102560429551890930e+00 3.138143466949610438e+00 3.173837266403271684e+00 3.209632167180970441e+00 3.245517965922693371e+00 3.281483897912999659e+00 3.317518587553704990e+00 3.353610017646809105e+00 3.389745339268493307e+00 3.425910715084122593e+00 3.462091438775196206e+00 3.498272094548776412e+00 3.534436769606065010e+00 3.570602334348226048e+00 3.606686217770622704e+00 3.642703822314069306e+00 3.678637002019390145e+00 3.714466650034796924e+00 3.750172603989371023e+00 3.785733624728438329e+00 3.821127396414596866e+00 3.856330517010467585e+00 3.891318504142133872e+00 3.926065705408777085e+00 3.960545380251004666e+00 3.994729574436510777e+00 4.028589129219326104e+00 4.062093682294464436e+00 4.095211572747929019e+00 4.127909883957169512e+00 4.160154358353507220e+00 4.191909392788722322e+00 4.223138032438710887e+00 4.253801912988396161e+00 4.283861282084970412e+00 4.313274927431992367e+00 4.342000250003232864e+00 4.369993149644312957e+00 4.397208135580623178e+00 4.423598233393049917e+00 4.449115020057340608e+00 4.473708733754922839e+00 4.497328100998855938e+00 4.519920550089031153e+00 4.541536421663468381e+00 4.561913739750041330e+00 4.581098812834413003e+00 4.599034166591767558e+00 4.615661280451234028e+00 4.630920908384631218e+00 4.644752988619910816e+00 4.657096956906591423e+00 4.667891539721237493e+00 4.677075072293629177e+00 4.684585652927455435e+00 4.690361465310167510e+00 4.694341482975134205e+00 4.696465667356592988e+00 4.696674963950369097e+00
1.836676115447330782e+00 1.863717424606688988e+00 1.891038118414797520e+00 1.918637235808532404e+00 1.946513708740990944e+00 1.974666361708508067e+00 2.003093911065124022e+00 2.031794964206587117e+00 2.060768019183820687e+00 2.090011463132997793e+00 2.119523570898705245e+00 2.149302503619788141e+00 2.179346306906025710e+00 2.209652908645416858e+00 2.240220116121851568e+00 2.271045612880457032e+00 2.302126956592871476e+00 2.333461574245342618e+00 2.365046757856200887e+00 2.396879659999962442e+00 2.428957288621852229e+00 2.461276498886741049e+00 2.493833993773461266e+00 2.526626306370258757e+00 2.559660984605533152e+00 2.592912002400890259e+00 2.626386385309509297e+00 2.660079926322198141e+00 2.693988217409289287e+00 2.728106618873051836e+00 2.762430273461953245e+00 2.796954066802526562e+00 2.831672635354528733e+00 2.866580336367750448e+00 2.901671246532829151e+00 2.936939133864581386e+00 2.972377443764299798e+00 3.007979290587818877e+00 3.043737417398858724e+00 3.079644203808620251e+00 3.115691609380497606e+00 3.151871191742432021e+00 3.188174027364830465e+00 3.224590743400056247e+00 3.261111434570526324e+00 3.297725666639759190e+00 3.334422423015521275e+00 3.371190083597210396e+00 3.408016360423698377e+00 3.444888124443743038e+00 3.481791205065294825e+00 3.518710574829667870e+00 3.555663279716193781e+00 3.592567958920067195e+00 3.629440359091428814e+00 3.666263474069464401e+00 3.703019667724502195e+00 3.739690484663740655e+00 3.776256452953465015e+00 3.812697050469377569e+00 3.848990658708479895e+00 3.885114559224080111e+00 3.921044933964846546e+00 3.956756848557224870e+00 3.992224253054998950e+00 4.027419881555622361e+00 4.062315339729181574e+00 4.096880969219125035e+00 4.131085859433648366e+00 4.164897849295049248e+00 4.198283429890336649e+00 4.231207791216150760e+00 4.263634734392657499e+00 4.295526667708293722e+00 4.326844605981293057e+00 4.357548110662796681e+00 4.387595321924798952e+00 4.416942882097607104e+00 4.445546019647046876e+00 4.473358431162732352e+00 4.500332410115795767e+00 4.526418742843416609e+00 4.551566758207174601e+00 4.575724463080879545e+00 4.598942602391143275e+00 4.620959583761200307e+00 4.641821960378117673e+00 4.661472371299685058e+00 4.679852538528913364e+00 4.696903022858792021e+00 4.712563451597469033e+00 4.726772958012129600e+00 4.739469787138712142e+00 4.750591804591973499e+00 4.760076281499652673e+00 4.767860276819693155e+00 4.773880959777177857e+00 4.778076058471617316e+00 4.780384598398359053e+00 4.780747021735652247e+00
1.861389069631137705e+00 1.888901865366693578e+00 1.916701842701579173e+00 1.944788053863090171e+00 1.973159437588713594e+00 2.001814818876462176e+00 2.030752908323669725e+00 2.059972301216120183e+00 2.089471476478319101e+00 2.119248796183094807e+00 2.149302503619788141e+00 2.179630721648690095e+00 2.210231451052052876e+00 2.241102568424796271e+00 2.272241823674460370e+00 2.303646836737765380e+00 2.335315094046815698e+00 2.367243946278732469e+00 2.399430602929253808e+00 2.431872127611792500e+00 2.464565433199099598e+00 2.497507276193344783e+00 2.530694247646941619e+00 2.564133969383300293e+00 2.597800452257349235e+00 2.631700796699015132e+00 2.665830866914361330e+00 2.700186327682742693e+00 2.734762622193772419e+00 2.769554977451076372e+00 2.804558369666255047e+00 2.839767541806921702e+00 2.875176958886255019e+00 2.910780818401262682e+00 2.946573016898290653e+00 2.982547149766782812e+00 3.018696480156356277e+00 3.055013924412295356e+00 3.091492043539711077e+00 3.128122998789982123e+00 3.164898561506053642e+00 3.201810050348332659e+00 3.238848352466077163e+00 3.276003835350417948e+00 3.313266382606970595e+00 3.350625299429505599e+00 3.388069326209214083e+00 3.425586572391883244e+00 3.463164487990259666e+00 3.500789634276361806e+00 3.538447527823408656e+00 3.576155648806175424e+00 3.613832651009258434e+00 3.651494393851999476e+00 3.689123961236432159e+00 3.726704033953095241e+00 3.764216671613107579e+00 3.801643058510257411e+00 3.838963386574851366e+00 3.876156738612393848e+00 3.913201110471622890e+00 3.950073378932974943e+00 3.986749297619088583e+00 4.023203490348861600e+00 4.059409427308772855e+00 4.095339422352383352e+00 4.130964523365636687e+00 4.166254606840838370e+00 4.201178232990891992e+00 4.235702661138248004e+00 4.269793852506499121e+00 4.303416373090982461e+00 4.336533438490979719e+00 4.369106829584342044e+00 4.401096888583245104e+00 4.432462524209883625e+00 4.463161150693752965e+00 4.493148731919427874e+00 4.522379698644698465e+00 4.550807043801891716e+00 4.578382201956229025e+00 4.605055199491087770e+00 4.630877201823043521e+00 4.655591566414989835e+00 4.679245111003636381e+00 4.701782071263916229e+00 4.723145476155912625e+00 4.743277124371719111e+00 4.762117562402720772e+00 4.779606538989874309e+00 4.795682734598612385e+00 4.810284113438361153e+00 4.823348114053625402e+00 4.834811349834616578e+00 4.844610202249442388e+00 4.852680644796657283e+00 4.858958771388872222e+00 4.863381278441347710e+00 4.865885935736314671e+00 4.866412257603031755e+00
1.886303592422736042e+00 1.914293213352709300e+00 1.942578018369258031e+00 1.971157077916909417e+00 2.000029343853962249e+00 2.029193647474577755e+00 2.058648699152558770e+00 2.088393087475380216e+00 2.118425278085919405e+00 2.148743612377625567e+00 2.179346306906025710e+00 2.210231451052052876e+00 2.241397005083719751e+00 2.272840798265344464e+00 2.304560526448574009e+00 2.336553749230036559e+00 2.368817886229308112e+00 2.401350213136096201e+00 2.434147859363564148e+00 2.467207801942180811e+00 2.500526860375221538e+00 2.534101691381471788e+00 2.567939987886651565e+00 2.602015807393665447e+00 2.636336330256867200e+00 2.670897488981414991e+00 2.705695020959429264e+00 2.740724450279144797e+00 2.775981086256335661e+00 2.811459998624890044e+00 2.847156024880353353e+00 2.883063731238372451e+00 2.919177434103152891e+00 2.955491149598415745e+00 2.991998606826780094e+00 3.028693210653543133e+00 3.065568042808032523e+00 3.102615827474575649e+00 3.139828916040340534e+00 3.177199278375727687e+00 3.214718453812321020e+00 3.252377563069165145e+00 3.290167238656684479e+00 3.328077649209453259e+00 3.366098400036072746e+00 3.404218574732796210e+00 3.442426636680727459e+00 3.480710435392812219e+00 3.519057130359421581e+00 3.557452979792348202e+00 3.595916097370461362e+00 3.634365339179557175e+00 3.672816763448335742e+00 3.711253486801481039e+00 3.749658281591778497e+00 3.788013503932347703e+00 3.826300882358782740e+00 3.864501271444768626e+00 3.902594470577409602e+00 3.940559200089118530e+00 3.978373031613206656e+00 4.016012431172543806e+00 4.053452722108436213e+00 4.090668073603028532e+00 4.127631487291872681e+00 4.164314768156373248e+00 4.200688519992292314e+00 4.236722027703581084e+00 4.272383359984992524e+00 4.307639215888162454e+00 4.342454944611344736e+00 4.376794550841952791e+00 4.410620593667891498e+00 4.443894233121585380e+00 4.476575151364315275e+00 4.508621547280378117e+00 4.539990149623098326e+00 4.570636154628419767e+00 4.600513283151121513e+00 4.629573690302775546e+00 4.657768073688274946e+00 4.685148286471630286e+00 4.711458201306897742e+00 4.736745147534718647e+00 4.760953861233584661e+00 4.784027831049614043e+00 4.805909038818539258e+00 4.826538331915589453e+00 4.845855393203280848e+00 4.863798729256343378e+00 4.880306204617508747e+00 4.895314821575620812e+00 4.908760791442151827e+00 4.920579917429276584e+00 4.930707262627820775e+00 4.939077880661682407e+00 4.945626767809232938e+00 4.950289520279164357e+00 4.953002871297720766e+00 4.953705077040352123e+00
1.911418250935608132e+00 1.939889967748409383e+00 1.968665075098425143e+00 1.997742669948079808e+00 2.027121722120359681e+00 2.056801075851501626e+00 2.086779447287412381e+00 2.117055424022627808e+00 2.147627464012078491e+00 2.178493894141693143e+00 2.209652908645416858e+00 2.241102568424796271e+00 2.272840798265344464e+00 2.304865384587924115e+00 2.337173973292695273e+00 2.369764067028373056e+00 2.402633021992681694e+00 2.435778043733129561e+00 2.469196182742644297e+00 2.502884332042400573e+00 2.536839220325354027e+00 2.571068619880696016e+00 2.605546646620163109e+00 2.640280557031902564e+00 2.675266358626954943e+00 2.710499869023709429e+00 2.745976689528120573e+00 2.781692211516370250e+00 2.817641596085515676e+00 2.853819773275388716e+00 2.890221414313740578e+00 2.926840941195037349e+00 2.963672482678780806e+00 3.000709900202191971e+00 3.037946730976728293e+00 3.075376204423085014e+00 3.112991200740088615e+00 3.150784253478136510e+00 3.188747511396134549e+00 3.226872722438819618e+00 3.265151224714510025e+00 3.303573892380423427e+00 3.342131149686028202e+00 3.380812893778185391e+00 3.419608520113201600e+00 3.458506817360926799e+00 3.497496013724050723e+00 3.536563662716748713e+00 3.575696644074163544e+00 3.614913893275108148e+00 3.654134675467255011e+00 3.693375477200775414e+00 3.732619526128652776e+00 3.771849579276169262e+00 3.811048094063229641e+00 3.850197111579340081e+00 3.889278015033881708e+00 3.928271298750220186e+00 3.967156403525741837e+00 4.005911625201868276e+00 4.044514148219398919e+00 4.082939985689129969e+00 4.121164025159577804e+00 4.159159979341668034e+00 4.196900367966434509e+00 4.234356499548169062e+00 4.271498438741504700e+00 4.308295001194338170e+00 4.344713628842562514e+00 4.380720501429180125e+00 4.416280375246537382e+00 4.451356609607342918e+00 4.485911168705106533e+00 4.519904522845427763e+00 4.553295695716534475e+00 4.586042192599847134e+00 4.618099993725357955e+00 4.649423576326666918e+00 4.679965849816444923e+00 4.709779467076164572e+00 4.738613343926206589e+00 4.766515528801773094e+00 4.793432779545782729e+00 4.819310465718708691e+00 4.844092422473004866e+00 4.867721061349500999e+00 4.890137608465864538e+00 4.911281806909968850e+00 4.931092358409914667e+00 4.949506884383612970e+00 4.966461936852396342e+00 4.981893716260265670e+00 4.995737444136413963e+00 5.007927627125694947e+00 5.018398517629017341e+00 5.027083779617025350e+00 5.033917465356909204e+00 5.038834078029274188e+00 5.041769237707540263e+00 5.042660166018106516e+00
1.936731539711202599e+00 1.965690550317099827e+00 1.994961363443562119e+00 2.024543107297009925e+00 2.054434778678154494e+00 2.084635239474964319e+00 2.115143218590671559e+00 2.145957308831909494e+00 2.177075966346761593e+00 2.208497509295349381e+00 2.240220116121851568e+00 2.272241823674460370e+00 2.304560526448574009e+00 2.337173973292695273e+00 2.370079764825453239e+00 2.403275351009918293e+00 2.436758028080072691e+00 2.470524934958392205e+00 2.504573048538274005e+00 2.538899178795321898e+00 2.573511186472882351e+00 2.608383255699058711e+00 2.643522728009533029e+00 2.678925694526904877e+00 2.714588049991768948e+00 2.750505480272255276e+00 2.786673467310136765e+00 2.823087259000150784e+00 2.859741877617426375e+00 2.896632097059426147e+00 2.933752442883102773e+00 2.971097161276726961e+00 3.008660231191143453e+00 3.046435314802853789e+00 3.084415788428973126e+00 3.122594678450890893e+00 3.160964681290761025e+00 3.199518117285791607e+00 3.238246934893115991e+00 3.277142668351259225e+00 3.316196420777339782e+00 3.355398854678303788e+00 3.394740132215725570e+00 3.434209930842985870e+00 3.473797356790401913e+00 3.513490979973426409e+00 3.553278711828164571e+00 3.593180493413626220e+00 3.633118061151621170e+00 3.673109199832515603e+00 3.713138381270994159e+00 3.753189174716923482e+00 3.793244440711371457e+00 3.833286611138118527e+00 3.873297790521856854e+00 3.913259700059680934e+00 3.953153386835304595e+00 3.992958968171711476e+00 4.032655492522069451e+00 4.072220869575181368e+00 4.111631828629503715e+00 4.150863971903648419e+00 4.189891704989523014e+00 4.228688279223350222e+00 4.267225730618982915e+00 4.305474857345408246e+00 4.343405198347534579e+00 4.380984998516882278e+00 4.418181203890502395e+00 4.454959330955955643e+00 4.491283587369347963e+00 4.527116705413011921e+00 4.562419969482063742e+00 4.597153218988750289e+00 4.631274754303784214e+00 4.664741382067264297e+00 4.697508354610155479e+00 4.729529360549758366e+00 4.760857897771414216e+00 4.791243404547890883e+00 4.820734737682640159e+00 4.849279325311079525e+00 4.876823118739053164e+00 4.903310475147279135e+00 4.928684391965749256e+00 4.952886342159465549e+00 4.975856412300064591e+00 4.997533585277770030e+00 5.017855398398007871e+00 5.036758463797720964e+00 5.054178428863372652e+00 5.070050120888546452e+00 5.084307964984185801e+00 5.096885441403986583e+00 5.107715431089720148e+00 5.116730790142839602e+00 5.123864112353874845e+00 5.129048946531212572e+00 5.132219842566681400e+00 5.133312902007491907e+00
1.962241876027776000e+00 1.991693303268195603e+00 2.021465148994682437e+00 2.051556580939326579e+00 2.081966627362480615e+00 2.112694177637089332e+00 2.143737977938635630e+00 2.175096633644089117e+00 2.206768605516829407e+00 2.238752209049886588e+00 2.271045612880457032e+00 2.303646836737765380e+00 2.336553749230036559e+00 2.369764067028373056e+00 2.403275351009918293e+00 2.437085003315138554e+00 2.471190264640668044e+00 2.505588210801811933e+00 2.540275748741876338e+00 2.575260836126439301e+00 2.610517738308167246e+00 2.646053891409871017e+00 2.681865476051820352e+00 2.717948475601807967e+00 2.754298669621449758e+00 2.790911626212842389e+00 2.827782688143108736e+00 2.864906979434029388e+00 2.902279371065604074e+00 2.939894491787748532e+00 2.977746702676071333e+00 3.015830098114508306e+00 3.054138471135231292e+00 3.092665328438677808e+00 3.131403834693193833e+00 3.170346849039883175e+00 3.209486853039793974e+00 3.248815974562680786e+00 3.288325936436624630e+00 3.328008062432982861e+00 3.367853230212444426e+00 3.407851853401716813e+00 3.447993871420288237e+00 3.488268682334303428e+00 3.528665162411579903e+00 3.569171573530292019e+00 3.609808300015220350e+00 3.650497351007431224e+00 3.691257274990037640e+00 3.732073287294152220e+00 3.772929504026601322e+00 3.813809109118685203e+00 3.854694613577839046e+00 3.895568094191374620e+00 3.936411341247606721e+00 3.977205712751689326e+00 4.017931912341584422e+00 4.058569689683354298e+00 4.099097682425107969e+00 4.139493377504960492e+00 4.179733092488866042e+00 4.219791944314271959e+00 4.259643904103157297e+00 4.299261711194310109e+00 4.338616913737512348e+00 4.377679797654908889e+00 4.416419361788134879e+00 4.454803294632680988e+00 4.492797938464519802e+00 4.530368285599119638e+00 4.567477842687709177e+00 4.604088762532142276e+00 4.640161666569336596e+00 4.675655678944368177e+00 4.710528430646838238e+00 4.744735971241420103e+00 4.778232811551457182e+00 4.811073329600944248e+00 4.843007503443002015e+00 4.874085032052835054e+00 4.904254055264734902e+00 4.933461194244891601e+00 4.961651436655935221e+00 4.988768296951753278e+00 5.014753703798731088e+00 5.039548269699776206e+00 5.063091104813254972e+00 5.085319986425704819e+00 5.106171692111474592e+00 5.125581606275456892e+00 5.143484340842001679e+00 5.159813816116020746e+00 5.174503004367106307e+00 5.187484589533249313e+00 5.198690388260056139e+00 5.208051803554373471e+00 5.215500636542231838e+00 5.220968919004533859e+00 5.224390250875265096e+00 5.225699698945970084e+00
