2.263693402355970274e+00 2.292231183438599995e+00 2.321025628671868013e+00 2.350077110128330204e+00 2.379386010528864670e+00 2.408952726122598254e+00 2.438777669583984675e+00 2.468861272918471350e+00 2.499203990368162209e+00 2.529806301309100558e+00 2.560668713131381669e+00 2.591803536169223765e+00 2.623187942308550458e+00 2.654834169265497312e+00 2.686742864651413765e+00 2.718914717939447723e+00 2.751350463066464247e+00 2.784050880969269670e+00 2.817016802055924973e+00 2.850249108623736038e+00 2.883748737284669073e+00 2.917516681664138911e+00 2.951553997449641642e+00 2.985861763866676011e+00 3.020441085365455081e+00 3.055293265266645353e+00 3.090419601556555484e+00 3.125821458625530180e+00 3.161500268587546625e+00 3.197457532478340525e+00 3.233694821342580017e+00 3.270213777187605864e+00 3.307016113776947375e+00 3.344103617365563164e+00 3.381478147321856031e+00 3.419141636626763958e+00 3.457096092258567843e+00 3.495343595457077956e+00 3.533886301881398850e+00 3.572726441568687683e+00 3.611866318889493943e+00 3.651308312462417049e+00 3.691088657210375601e+00 3.731142693327802906e+00 3.771506427011704687e+00 3.812182530021551941e+00 3.853173745855200227e+00 3.894482888861934722e+00 3.936112843153804164e+00 3.978066561474096652e+00 4.020347063913511931e+00 4.062957436430273184e+00 4.105900829210296976e+00 4.149180455841433357e+00 4.192799599266784583e+00 4.236761595753259613e+00 4.281069835389506473e+00 4.325727761963741536e+00 4.370738870311800639e+00 4.416106703467389316e+00 4.461834849620535337e+00 4.507926938873765721e+00 4.554386639775877654e+00 4.601217655601418599e+00 4.648423720317097718e+00 4.696008594165861361e+00 4.743976058825304598e+00 4.792329911942124099e+00 4.841073960877117166e+00 4.890212015429805881e+00 4.939747879237768480e+00 4.989685339464815961e+00 5.040028154299969643e+00 5.090780037688976911e+00 5.141944640618822504e+00 5.193525528186408557e+00 5.245526151627821321e+00 5.298048145790744456e+00 5.350898986799236923e+00 5.404178872233801556e+00 5.457890393884448521e+00 5.512035563177314579e+00 5.566610452400037268e+00 5.621600885760675403e+00 5.677006827980550341e+00 5.732843174683140752e+00 5.789118131350841523e+00 5.845834717563820782e+00 5.902994662954454519e+00 5.960599332790183169e+00 6.018649876315999236e+00 6.077147246993705565e+00 6.136092202148271113e+00 6.195485302350991041e+00 6.255326930558180898e+00 6.315617305622759581e+00 6.376356324617809435e+00 6.437543702578687466e+00 6.499179083449991623e+00 6.561261914034756337e+00
2.292231183438599995e+00 2.321230445433995815e+00 2.350492265716749074e+00 2.380017003846282009e+00 2.409805027234483976e+00 2.439856714099978063e+00 2.470172456449645892e+00 2.500752663078682492e+00 2.531597762580329203e+00 2.562708206356327789e+00 2.594096252469397790e+00 2.625738990302438847e+00 2.657648594735708247e+00 2.689825638221144732e+00 2.722270730771504610e+00 2.754984522789780232e+00 2.787967707839371201e+00 2.821221025344787581e+00 2.854745263226455165e+00 2.888541260471805483e+00 2.922609909658110627e+00 2.956952159502803212e+00 2.991569017769338146e+00 3.026461557083668374e+00 3.061630868286669749e+00 3.097078060978470049e+00 3.132804475156329538e+00 3.168811432396987371e+00 3.205100322887381115e+00 3.241672606794307576e+00 3.278529815508619549e+00 3.315673552776589705e+00 3.353105495691273585e+00 3.390827395512368891e+00 3.428841078435017398e+00 3.467148446241693271e+00 3.505751476825894830e+00 3.544652224597280910e+00 3.583852820759015234e+00 3.623355473475325716e+00 3.663162467819494506e+00 3.703310041905456540e+00 3.743733263706634506e+00 3.784468146367524266e+00 3.825517281263882463e+00 3.866883335340391081e+00 3.908569050491082386e+00 3.950577242780038301e+00 3.992910801506404983e+00 4.035572688049156476e+00 4.078565934674807991e+00 4.121893643183235589e+00 4.165558983350821087e+00 4.209565193385840232e+00 4.253915583741816775e+00 4.298613520649224640e+00 4.343662429355117816e+00 4.389065792801229549e+00 4.434827148973990774e+00 4.480950088042158441e+00 4.527438249283057381e+00 4.574295317784178749e+00 4.621525020897520264e+00 4.669131124411710410e+00 4.717117428390288580e+00 4.765487762590512766e+00 4.814245981360170568e+00 4.863395957931920144e+00 4.912941577856979158e+00 4.962886731348983282e+00 5.013235304229493039e+00 5.063991167078865097e+00 5.115158162103900175e+00 5.166740087134281900e+00 5.218740676061116801e+00 5.271163574946750252e+00 5.324111064769576629e+00 5.377390049732216681e+00 5.431101444273752854e+00 5.485248190873821983e+00 5.539832935838278516e+00 5.594857615062151623e+00 5.650317316874926554e+00 5.706197670044684145e+00 5.762500617344249676e+00 5.819241320682843721e+00 5.876427595552040195e+00 5.934062408921528586e+00 5.992147546700160810e+00 6.050684446596060084e+00 6.109674330904321771e+00 6.169118224432586395e+00 6.229016954730774103e+00 6.289371149349942236e+00 6.350181258567521247e+00 6.411447557206538583e+00 6.473169986447522284e+00 6.535348323731745346e+00 6.597982260213529848e+00 6.661071281408273315e+00
2.321025628671868013e+00 2.350492265716749074e+00 2.380227520338189517e+00 2.410231741875234590e+00 2.440505284559269406e+00 2.471048510534203491e+00 2.501861792914580551e+00 2.532945518872724122e+00 2.564300092745896986e+00 2.595937727045494192e+00 2.627835440053325033e+00 2.660005349513806738e+00 2.692447959580403172e+00 2.725163807084360013e+00 2.758153464567595137e+00 2.791417543271288437e+00 2.824956696071842188e+00 2.858771620356214349e+00 2.892863060825549670e+00 2.927231812233076713e+00 2.961878722060230285e+00 2.996804693151076560e+00 3.032010686401712896e+00 3.067497723900719286e+00 3.103266895637776468e+00 3.139319303351284063e+00 3.175656059359902805e+00 3.212278543570954437e+00 3.249188101611551360e+00 3.286386150010788043e+00 3.323874177621647608e+00 3.361653746913443541e+00 3.399726495149932415e+00 3.438094135420391773e+00 3.476758457486763376e+00 3.515721328588809591e+00 3.554984694128619616e+00 3.594550578221598514e+00 3.634421084124499490e+00 3.674631979806058268e+00 3.715118738252914277e+00 3.755916908662078502e+00 3.797028912426910541e+00 3.838457250393941589e+00 3.880204502586441784e+00 3.922273327761282680e+00 3.964666462861744289e+00 4.007386722372322296e+00 4.050436997502766978e+00 4.093820255205121939e+00 4.137539536950524344e+00 4.181597957477793059e+00 4.225998703386692590e+00 4.270745035407963464e+00 4.315840287947779963e+00 4.361287855442666839e+00 4.407091196275791489e+00 4.453253830670305113e+00 4.499779338117388505e+00 4.546671354518364794e+00 4.593933569091107394e+00 4.641569721027210882e+00 4.689583595874228017e+00 4.737979021604706631e+00 4.786759864316434410e+00 4.835930023485358831e+00 4.885493426649736293e+00 4.935454023379271860e+00 4.985815778399965481e+00 5.036582663542560567e+00 5.087758648207675094e+00 5.139347687947513066e+00 5.191353710664932564e+00 5.243780599832390976e+00 5.296730313650495070e+00 5.350011330551430966e+00 5.403724379094458463e+00 5.457872912139097643e+00 5.512460183678094872e+00 5.567489199339090256e+00 5.622962661105549209e+00 5.678882384190306887e+00 5.735242390387163880e+00 5.792028324673620610e+00 5.849244134015278540e+00 5.906905116115892085e+00 5.965018715253510351e+00 6.023587860666730798e+00 6.082614398972144620e+00 6.142099842915431651e+00 6.202045490148322848e+00 6.262452438792326603e+00 6.323321587321762749e+00 6.384653633090239921e+00 6.446449096453366501e+00 6.508708308552564326e+00 6.571431257932892400e+00 6.634617786497281067e+00 6.698267633546564070e+00 6.762380324853078939e+00
2.350077110128330204e+00 2.380017003846282009e+00 2.410231741875234590e+00 2.440721665860493772e+00 2.471487119218890083e+00 2.502528450215693034e+00 2.533846015090554626e+00 2.565440181223571425e+00 2.597323123517548016e+00 2.629471801870537639e+00 2.661898283910783203e+00 2.694603013724531149e+00 2.727586462643354803e+00 2.760849132453209176e+00 2.794391558576254653e+00 2.828214313216766751e+00 2.862318008461828711e+00 2.896703299328238224e+00 2.931370886747437954e+00 2.966321520476413287e+00 3.001556001943526120e+00 3.037075187035996660e+00 3.072879988857476263e+00 3.108971380556575514e+00 3.145350398737720266e+00 3.182018151245828985e+00 3.218975749882112325e+00 3.256224306782143252e+00 3.293765245482229265e+00 3.331599936136039553e+00 3.369729822180675516e+00 3.408156421813188341e+00 3.446881329333689958e+00 3.485906216373084732e+00 3.525232832966266550e+00 3.564863008427642477e+00 3.604798652195878361e+00 3.645041754554306568e+00 3.685628056238053674e+00 3.726492756974937315e+00 3.767671380714820106e+00 3.809166245646520288e+00 3.850979752268178569e+00 3.893114383360850361e+00 3.935572703946036199e+00 3.978357361006049864e+00 4.021471083027167381e+00 4.064916679433533631e+00 4.108697039918197014e+00 4.152815133591887253e+00 4.197274007953044617e+00 4.242076787597966359e+00 4.287226672967034524e+00 4.332726944912864475e+00 4.378580958047751714e+00 4.424792132932112487e+00 4.471363958760005808e+00 4.518299990968265512e+00 4.565603848645979568e+00 4.613279211764461429e+00 4.661329818082198706e+00 4.709759459770626044e+00 4.758571979734612434e+00 4.807771267585483344e+00 4.857361255206611439e+00 4.907345911827933449e+00 4.957729238494851920e+00 5.008515261763567317e+00 5.059708026420710603e+00 5.111311587036054149e+00 5.163329997927706749e+00 5.215767301141696954e+00 5.268627511943515529e+00 5.322013145804516121e+00 5.375732055035521206e+00 5.429885570144034723e+00 5.484477381508844118e+00 5.539511019005302295e+00 5.594989807948028471e+00 5.650916818351102933e+00 5.707294809171607142e+00 5.764125418022982394e+00 5.821401528920390867e+00 5.879109036099811725e+00 5.937253886818878001e+00 5.995851393135875007e+00 6.054908649164991274e+00 6.114428560198751583e+00 6.174413037876004928e+00 6.234863672661011158e+00 6.295781839973914273e+00 6.357168713579054220e+00 6.419025264857801005e+00 6.481352261740017440e+00 6.544150297589320431e+00 6.607419760830230082e+00 6.671160690920228120e+00 6.735372996039902027e+00 6.800056464712810111e+00 6.865210664755515779e+00
2.379386010528864670e+00 2.409805027234483976e+00 2.440505284559269406e+00 2.471487119218890083e+00 2.502750866423635756e+00 2.534296863002009736e+00 2.566125450584948897e+00 2.598248775562571833e+00 2.630643753410383479e+00 2.663322409930555246e+00 2.696285138705999618e+00 2.729532354629486512e+00 2.763064497254302587e+00 2.796882034138702178e+00 2.830985464173571664e+00 2.865375320882429300e+00 2.900052175684950662e+00 2.935016641114352343e+00 2.970269373979866678e+00 3.005811078465919106e+00 3.041642509154913299e+00 3.077764473989495819e+00 3.114177837173383256e+00 3.150883522049806817e+00 3.187882514104098064e+00 3.225175864679357129e+00 3.262764700023883080e+00 3.300650141031332918e+00 3.338833296212290858e+00 3.377315637008918792e+00 3.416098558595347612e+00 3.455183531904617578e+00 3.494572105162438103e+00 3.534265905283643150e+00 3.574266639152816616e+00 3.614576094742358414e+00 3.655196142017693717e+00 3.696162482798481363e+00 3.737410042782850716e+00 3.778974307897057461e+00 3.820857483651988407e+00 3.863061860630121913e+00 3.905589814697191908e+00 3.948443806915411969e+00 3.991626383530096689e+00 4.035140175952646402e+00 4.078987900481322093e+00 4.123172357833938761e+00 4.167696432565838549e+00 4.212563092379737917e+00 4.257775387241843568e+00 4.303336448310241202e+00 4.349249487002043502e+00 4.395517800744668691e+00 4.442144761215003790e+00 4.489133812518046440e+00 4.536488471974637449e+00 4.584212327844711332e+00 4.632309036707182415e+00 4.680782320664344631e+00 4.729635964339813370e+00 4.778873811492706736e+00 4.828499761289991810e+00 4.878517764193849082e+00 4.928931817399087478e+00 4.979745959731313398e+00 5.030964265884818154e+00 5.082590839838871943e+00 5.134629807225513431e+00 5.187085306377423599e+00 5.239961477789174538e+00 5.293360361143419901e+00 5.347091276541787508e+00 5.401255167408281821e+00 5.455856027276710485e+00 5.510897755988964697e+00 5.566384127128356063e+00 5.622318749264850091e+00 5.678705020545015358e+00 5.735546076663990966e+00 5.792844734461178646e+00 5.850602384449749671e+00 5.908810716772638472e+00 5.967456126850059661e+00 6.026546527873399839e+00 6.086097134899941530e+00 6.146114714585411143e+00 6.206602161089634251e+00 6.267561455315744823e+00 6.328994268230085041e+00 6.390902055553187466e+00 6.453286069137198488e+00 6.516147355644388739e+00 6.579486755794755837e+00 6.643304936481508882e+00 6.707602344704771902e+00 6.772379075250641201e+00 6.837635104193126701e+00 6.903370270498355943e+00 6.969584185829179823e+00
2.408952726122598254e+00 2.439856714099978063e+00 2.471048510534203491e+00 2.502528450215693034e+00 2.534296863002009736e+00 2.566354076977333420e+00 2.598712220175062093e+00 2.631348178759997936e+00 2.664273946196518583e+00 2.697489876393235786e+00 2.730996338188585781e+00 2.764793718805625744e+00 2.798882427321276012e+00 2.833262898139584873e+00 2.867935594459428028e+00 2.902901011725595115e+00 2.938159681051724537e+00 2.973712172606241211e+00 3.009559098951235079e+00 3.045701118325336854e+00 3.082138937863379002e+00 3.118873316737822865e+00 3.155905069230115156e+00 3.193235067761029722e+00 3.230864245909007337e+00 3.268793601591527764e+00 3.307024201132639618e+00 3.345557189802530029e+00 3.384393696468595003e+00 3.423534821948335694e+00 3.462982090507043420e+00 3.502736922852685897e+00 3.542800818026411669e+00 3.583175354996453343e+00 3.623862194110935686e+00 3.664863078435141475e+00 3.706213659907811930e+00 3.747848590454107232e+00 3.789803305847801784e+00 3.832079890197339189e+00 3.874680514826296829e+00 3.917607438792069185e+00 3.960863009239754984e+00 4.004449661635613111e+00 4.048369919668747485e+00 4.092626395255686944e+00 4.137221788556461277e+00 4.182158887700300198e+00 4.227440568312191616e+00 4.273069792918794185e+00 4.319049610241255444e+00 4.365383154288557499e+00 4.412073644602256373e+00 4.459124390750804245e+00 4.506538778744036300e+00 4.554320273160568533e+00 4.602472416533576194e+00 4.650998827168328020e+00 4.699903196679229289e+00 4.749189287153652295e+00 4.798860928111625235e+00 4.848922013215450910e+00 4.899376496515136736e+00 4.950228388264103607e+00 5.001481750238514046e+00 5.053140690464528184e+00 5.105209357225352740e+00 5.157691932178679828e+00 5.210592622363992454e+00 5.263915650800305990e+00 5.317763542375279151e+00 5.371944965311398867e+00 5.426561377459819369e+00 5.481616929864213006e+00 5.537115706227695888e+00 5.593061694642351256e+00 5.649458753720489668e+00 5.706310572451808838e+00 5.763620623379317465e+00 5.821392109233226364e+00 5.879627904620092771e+00 5.938329070114563457e+00 5.997486065146589773e+00 6.057086054318369328e+00 6.117138851698441293e+00 6.177659474845900611e+00 6.238654386845462696e+00 6.300126482685532103e+00 6.362077816744901249e+00 6.424510143397225370e+00 6.487425001332277397e+00 6.550823723067153104e+00 6.614707433042649853e+00 6.679077047454442528e+00 6.743933308622579226e+00 6.809276720986851217e+00 6.875107439539151599e+00 6.941425510375396790e+00 7.008230824272066783e+00 7.075523038562744560e+00
2.438777669583984675e+00 2.470172456449645892e+00 2.501861792914580551e+00 2.533846015090554626e+00 2.566125450584948897e+00 2.598712220175062093e+00 2.631583196859494045e+00 2.664750352354360974e+00 2.698214012899017966e+00 2.731974512906715002e+00 2.766032198481020554e+00 2.800387430969319524e+00 2.835040590542859729e+00 2.869992079792583972e+00 2.905242327329888852e+00 2.940791791382573184e+00 2.976640963374315607e+00 3.012790371475545737e+00 3.049240584116778230e+00 3.085992213454337829e+00 3.123045918782092478e+00 3.160402409868658502e+00 3.198062450219699926e+00 3.236026860281155493e+00 3.274296520597908433e+00 3.312872374979330292e+00 3.351755433881440815e+00 3.390946778878744627e+00 3.430447574963558566e+00 3.470258957694597246e+00 3.510382015403459288e+00 3.550818330830213476e+00 3.591569350751608436e+00 3.632636602955849892e+00 3.674021697899877648e+00 3.715760227172044239e+00 3.757786570218764055e+00 3.800136101307438619e+00 3.842810775244001054e+00 3.885812635590561559e+00 3.929143815519601901e+00 3.972806538512942520e+00 4.016803118920609705e+00 4.061135962342845573e+00 4.105807565890292388e+00 4.150820518074731957e+00 4.196177498837643682e+00 4.241881279608486821e+00 4.287934723040948803e+00 4.334340782538881776e+00 4.381102501656298109e+00 4.428223013390828022e+00 4.475705542127043302e+00 4.523553404824980362e+00 4.571769998974616556e+00 4.620358806257185869e+00 4.669323391211467111e+00 4.718667399171144972e+00 4.768394553912473022e+00 4.818508654989881457e+00 4.869013574638572095e+00 4.919913254428022853e+00 4.971211701601579769e+00 5.022912984843112660e+00 5.075021229492365116e+00 5.127540612110744078e+00 5.180475354261375287e+00 5.233829715325293286e+00 5.287705620901040682e+00 5.341913147852663357e+00 5.396553216032900835e+00 5.451630135531800647e+00 5.507148193387041424e+00 5.563111633235034326e+00 5.619524630755450723e+00 5.676391264152600868e+00 5.733715478916069586e+00 5.791501046220266069e+00 5.849751514621260640e+00 5.908470155299450965e+00 5.967659898661731077e+00 6.027321378570404953e+00 6.087443810927989141e+00 6.148015409514562712e+00 6.209047794308382606e+00 6.270555696010163160e+00 6.332545298805600353e+00 6.395019509775136335e+00 6.457980460993651306e+00 6.521429993289527438e+00 6.585369731145859440e+00 6.649801090472122311e+00 6.714725276126840114e+00 6.780143282650452186e+00 6.846055929985896071e+00 6.912463780634413801e+00 6.979367052026496765e+00 7.046765862571488626e+00 7.114660157102511207e+00 7.183049640481820042e+00
2.468861272918471350e+00 2.500752663078682492e+00 2.532945518872724122e+00 2.565440181223571425e+00 2.598248775562571833e+00 2.631348178759997936e+00 2.664750352354360974e+00 2.698455607981819160e+00 2.732464258399632584e+00 2.766776621018515847e+00 2.801393021495297120e+00 2.836313797375550116e+00 2.871539301775544839e+00 2.907069907092543648e+00 2.942906008732286693e+00 2.979048028842356199e+00 3.015496420041556380e+00 3.052251669132995282e+00 3.089314300788095657e+00 3.126684881195220811e+00 3.164364021654490156e+00 3.202352382114885376e+00 3.240650674648831941e+00 3.279259666840819598e+00 3.318180185120687131e+00 3.357413118061702839e+00 3.396959419705489758e+00 3.436820113167470492e+00 3.476996295573993034e+00 3.517489152434527533e+00 3.558299824536591327e+00 3.599429382095460817e+00 3.640879472818975948e+00 3.682685142157864799e+00 3.724781195907513442e+00 3.767202459601911357e+00 3.809950663092085410e+00 3.853027624793470274e+00 3.896435252959589590e+00 3.940175546687016084e+00 3.984250596963423874e+00 4.028662587577806597e+00 4.073413795870292731e+00 4.118506593337913024e+00 4.163943446049883867e+00 4.209726914940491227e+00 4.255859655689876675e+00 4.302344418783833113e+00 4.349184049625119286e+00 4.396381488287266492e+00 4.443939769048718347e+00 4.491862019833473774e+00 4.540151466393860247e+00 4.588811427849311286e+00 4.637845310085912942e+00 4.687256608317127871e+00 4.737048905579298363e+00 4.787225870907914960e+00 4.837791257118625232e+00 4.888748898259866138e+00 4.940102706700125523e+00 4.991856669701889793e+00 5.044014845680673709e+00 5.096581360059368571e+00 5.149560400403447424e+00 5.202956210839149165e+00 5.256773085614817376e+00 5.311113366094563304e+00 5.365786464109809195e+00 5.420893737285118696e+00 5.476439591147880037e+00 5.532428427628854450e+00 5.588864627278805841e+00 5.645752527940100407e+00 5.703096399032252961e+00 5.760900410718075015e+00 5.819168597221647588e+00 5.877904813696987141e+00 5.937112686376744719e+00 5.996795556367282565e+00 6.056956404973426800e+00 6.117595328292281032e+00 6.178700315362916307e+00 6.240260916040851313e+00 6.302290432265662545e+00 6.364803230349700414e+00 6.427805240419146138e+00 6.491299392337960050e+00 6.555287900187772188e+00 6.619772694462978002e+00 6.684755488439336979e+00 6.750237784316476031e+00 6.816220870171294521e+00 6.882705821965244830e+00 6.949693539421622823e+00 7.017184644377405078e+00 7.085179420742116818e+00 7.153678058406471862e+00 7.222680558958934682e+00 7.292186677484369994e+00
2.499203990368162209e+00 2.531597762580329203e+00 2.564300092745896986e+00 2.597323123517548016e+00 2.630643753410383479e+00 2.664273946196518583e+00 2.698214012899017966e+00 2.732464258399632584e+00 2.767024984939102428e+00 2.801896495701112322e+00 2.837079098470014493e+00 2.872573109351996390e+00 2.908378856548963221e+00 2.944496684174051637e+00 2.980926956097405878e+00 3.017670059810570571e+00 3.054726410297791794e+00 3.092096453904213949e+00 3.129780672189448332e+00 3.167779585750783333e+00 3.206093758002723781e+00 3.244723798914019852e+00 3.283670368683539120e+00 3.322934181348531357e+00 3.362516008306337234e+00 3.402416681785752406e+00 3.442637098293674924e+00 3.483178222112824240e+00 3.524041089156332074e+00 3.565226812441101512e+00 3.606736598898633517e+00 3.648571592885247128e+00 3.690766472466650683e+00 3.733256088294056863e+00 3.776075181384303203e+00 3.819225339082273685e+00 3.862708237232212571e+00 3.906525641821974038e+00 3.950679410518602275e+00 3.995171494002867085e+00 4.040003937012338397e+00 4.085178879455697576e+00 4.130698557386384806e+00 4.176565303811003993e+00 4.222781549349919672e+00 4.269349822691987484e+00 4.316272750927248936e+00 4.363553059419233549e+00 4.411193571904668431e+00 4.459197210670953204e+00 4.507566996339283705e+00 4.556306047810617876e+00 4.605417587581894345e+00 4.654904932450799393e+00 4.704771492782068520e+00 4.755020773496104525e+00 4.805656372418290800e+00 4.856681978639831421e+00 4.908101370564397214e+00 4.959918413502371060e+00 5.012137056878841257e+00 5.064761331002944900e+00 5.117795343217448334e+00 5.171243273639515969e+00 5.225109370369969142e+00 5.279495260118025612e+00 5.334211725512131075e+00 5.389359456364868350e+00 5.444942905320388604e+00 5.500966552857755154e+00 5.557434894333908026e+00 5.614352424457403679e+00 5.671723618607132700e+00 5.729552910347815775e+00 5.787844664528700278e+00 5.846603145076811003e+00 5.905832476797197472e+00 5.965536600633790876e+00 6.025719222197314373e+00 6.086383754053223072e+00 6.147533219142663263e+00 6.209167050564756707e+00 6.271272062677449632e+00 6.333839428992166454e+00 6.396883981990667323e+00 6.460419658040768454e+00 6.524452158320599438e+00 6.588984445383839983e+00 6.654018819774380589e+00 6.719557305098053490e+00 6.785601706619707407e+00 6.852153615919269747e+00 6.919214407270972700e+00 6.986785241382544420e+00 7.054867099862461188e+00 7.123460665513681178e+00 7.192566293272695255e+00 7.262184245486032808e+00 7.332314580025629525e+00 7.402957105279908134e+00
2.529806301309100558e+00 2.562708206356327789e+00 2.595937727045494192e+00 2.629471801870537639e+00 2.663322409930555246e+00 2.697489876393235786e+00 2.731974512906715002e+00 2.766776621018515847e+00 2.801896495701112322e+00 2.837334428974919831e+00 2.873090713618956737e+00 2.909165646958924878e+00 2.945559534722001160e+00 2.982272694947198932e+00 3.019305461939810087e+00 3.056658190258051633e+00 3.094331258719878797e+00 3.132325074418412569e+00 3.170640076736724655e+00 3.209276741339732286e+00 3.248235584142850296e+00 3.287517165240357642e+00 3.327122092783143970e+00 3.367051026796946456e+00 3.407304682932521978e+00 3.447883836126611978e+00 3.488789324219067733e+00 3.530022051558177942e+00 3.571582992686408442e+00 3.613473196473876659e+00 3.655693792210400250e+00 3.698279697958567702e+00 3.741165081018566152e+00 3.784384248065057132e+00 3.827939000229428235e+00 3.871830865983592940e+00 3.916061463530672082e+00 3.960632502676143307e+00 4.005545786545179787e+00 4.050803213196306984e+00 4.096406777022556511e+00 4.142358569835938198e+00 4.188660782056329523e+00 4.235315703757278172e+00 4.282325725542065697e+00 4.329693339268542829e+00 4.377421138550587010e+00 4.425511819138978176e+00 4.473968178787353089e+00 4.522793117402713392e+00 4.571989637310820420e+00 4.621560844445658844e+00 4.671509952334478299e+00 4.721840271613518603e+00 4.772555212771017352e+00 4.823658286014123497e+00 4.875153099983786653e+00 4.927043359976467585e+00 4.979332866192996754e+00 5.032025511623671399e+00 5.085125279403651888e+00 5.138636239703315844e+00 5.192562546080617736e+00 5.246908431072928813e+00 5.301775863525043597e+00 5.356974951290669473e+00 5.412606744621119681e+00 5.468675733583144627e+00 5.525186452189871034e+00 5.582143467027663952e+00 5.639551363654652150e+00 5.697414730281979978e+00 5.755738138161664352e+00 5.814526117998505939e+00 5.873783131664755963e+00 5.933513538585813762e+00 5.993721555957788993e+00 6.054411212320530922e+00 6.115586294388750233e+00 6.177250287770427839e+00 6.239406241552129195e+00 6.302052787227458985e+00 6.365175658664195879e+00 6.428767933818530622e+00 6.492845798998821749e+00 6.557422707081353330e+00 6.622504155409642657e+00 6.688093148840271951e+00 6.754192078667295540e+00 6.820803065331372039e+00 6.887928009555443154e+00 6.955568595606423266e+00 7.023726287138994273e+00 7.092402333205411580e+00 7.161597799361112848e+00 7.231313431425073546e+00 7.301549659990861585e+00 7.372306821323695303e+00 7.443585031235980587e+00 7.515384150964875332e+00
2.560668713131381669e+00 2.594096252469397790e+00 2.627835440053325033e+00 2.661898283910783203e+00 2.696285138705999618e+00 2.730996338188585781e+00 2.766032198481020554e+00 2.801393021495297120e+00 2.837079098470014493e+00 2.873090713618956737e+00 2.909428147881625737e+00 2.946091682765632047e+00 2.983081604270320764e+00 3.020398206880511083e+00 3.058041797618804125e+00 3.096012700144478824e+00 3.134311258886989915e+00 3.172937843203399666e+00 3.211892851537911930e+00 3.251176715585906152e+00 3.290789904442301683e+00 3.330732928718398878e+00 3.371006344619734474e+00 3.411610757973142061e+00 3.452546828193819639e+00 3.493815272184018994e+00 3.535416868139930724e+00 3.577352459322920009e+00 3.619622957834856436e+00 3.662229348509109528e+00 3.705206433640570118e+00 3.748488280217926683e+00 3.792109483547232429e+00 3.836071189283535965e+00 3.880374369110298982e+00 3.925020914955315021e+00 3.970012383773173781e+00 4.015350425407926416e+00 4.061036784545271949e+00 4.107073302508766233e+00 4.153461918959169275e+00 4.200204673368871156e+00 4.247303706151715375e+00 4.294761259936175080e+00 4.342579680693467559e+00 4.390761418691920603e+00 4.439309029297091591e+00 4.488225173528434198e+00 4.537512618498442230e+00 4.587174237276075317e+00 4.637213009115722429e+00 4.687632022783241759e+00 4.738434476759010749e+00 4.789623671528247861e+00 4.841203013081694095e+00 4.893176012342994596e+00 4.945546284143097715e+00 4.998317545856338917e+00 5.051493615481598809e+00 5.105078409745584800e+00 5.159075941773932250e+00 5.213490318131449364e+00 5.268325735290839695e+00 5.323684476137928279e+00 5.379375967745643194e+00 5.435501591481721739e+00 5.492065852715043661e+00 5.549073316379858234e+00 5.606528597046627205e+00 5.664436347039410791e+00 5.722801242179353487e+00 5.781627964650961182e+00 5.840921182402558642e+00 5.900685524412847549e+00 5.960925551072163486e+00 6.021645718942504999e+00 6.082850339352448898e+00 6.144543530213477212e+00 6.206729161075515755e+00 6.269410792211089323e+00 6.332591474681170673e+00 6.396268888262161667e+00 6.460427829218104101e+00 6.525063545168634072e+00 6.590193377106857042e+00 6.655830252836283378e+00 6.721979490790576328e+00 6.788644147455937805e+00 6.855826709465165258e+00 6.923529397738080959e+00 6.991754212244379652e+00 7.060502933544294812e+00 7.129777118111672252e+00 7.199578107171614505e+00 7.269907052327700292e+00 7.340764764926104746e+00 7.412151755909419215e+00 7.484068437036400567e+00 7.556514984373468913e+00 7.629491313767992722e+00
2.591803536169223765e+00 2.625738990302438847e+00 2.660005349513806738e+00 2.694603013724531149e+00 2.729532354629486512e+00 2.764793718805625744e+00 2.800387430969319524e+00 2.836313797375550116e+00 2.872573109351996390e+00 2.909165646958924878e+00 2.946091682765632047e+00 2.983351485733577668e+00 3.020945325195729225e+00 3.058873474921132818e+00 3.097136217253154467e+00 3.135733847309517319e+00 3.174666677233900725e+00 3.213935040477959859e+00 3.253539296110412593e+00 3.293479833137283208e+00 3.333757074821463107e+00 3.374371482987266191e+00 3.415323562293617332e+00 3.456613864468130792e+00 3.498242992489993153e+00 3.540211604712593108e+00 3.582520418917826799e+00 3.625170216276057289e+00 3.668161845280647260e+00 3.711530012986880678e+00 3.755208544507214086e+00 3.799231901594364746e+00 3.843601247464981441e+00 3.888317860142725291e+00 3.933382882499820710e+00 3.978797234330908594e+00 4.024562909611972827e+00 4.070681494472031758e+00 4.117154671227624796e+00 4.163984220422094040e+00 4.211172022707336815e+00 4.258720060637567251e+00 4.306630420224786704e+00 4.354905292118685267e+00 4.403546972975367346e+00 4.452557866679543785e+00 4.501940485389652302e+00 4.551697450426125613e+00 4.601831492893508013e+00 4.652345454191689100e+00 4.703242286009737150e+00 4.754525055293588487e+00 4.806196939417372249e+00 4.858261224324015082e+00 4.910721306651678830e+00 4.963580693213127226e+00 5.016843000256961282e+00 5.070511952391654198e+00 5.124591381125162215e+00 5.179085222764966190e+00 5.233997516321949206e+00 5.289429666935160590e+00 5.345192443471387556e+00 5.401386384195604684e+00 5.458015905223409625e+00 5.515085504187357657e+00 5.572599753137108536e+00 5.630563290188992376e+00 5.688980809243395775e+00 5.747857047599667979e+00 5.807196771040312733e+00 5.867004755865417032e+00 5.927285767275381367e+00 5.988044533424693228e+00 6.049285714418637383e+00 6.111013865497010755e+00 6.173233393768317256e+00 6.235948508227890486e+00 6.299163162971757046e+00 6.362880994580071281e+00 6.427105020038933247e+00 6.491831809207227799e+00 6.557045418797393665e+00 6.622743505690890764e+00 6.688944347630411791e+00 6.755660317571732243e+00 6.822896579671000161e+00 6.890656251115655273e+00 6.958941918708125840e+00 7.027755907914208677e+00 7.097100321666263589e+00 7.166977040776109753e+00 7.237387718331260267e+00 7.308333791795322831e+00 7.379816500999665685e+00 7.451836725846842313e+00 7.524395062370214937e+00 7.597491999564386589e+00 7.671127776269747400e+00 7.745302365341828477e+00
2.623187942308550458e+00 2.657648594735708247e+00 2.692447959580403172e+00 2.727586462643354803e+00 2.763064497254302587e+00 2.798882427321276012e+00 2.835040590542859729e+00 2.871539301775544839e+00 2.908378856548963221e+00 2.945559534722001160e+00 2.983081604270320764e+00 3.020945325195729225e+00 3.059150953547145058e+00 3.097698745542361465e+00 3.136588961779233742e+00 3.175821871526407936e+00 3.215397757073902962e+00 3.255316918138047910e+00 3.295579676306777728e+00 3.336186379508894628e+00 3.377137406494829630e+00 3.418433171319166686e+00 3.460074127808669076e+00 3.502060773998313170e+00 3.544393656528313397e+00 3.587073374989672825e+00 3.630100586209590308e+00 3.673476008469005460e+00 3.717234255204686200e+00 3.761308928222379944e+00 3.805734380702221920e+00 3.850511618240706202e+00 3.895641729832216793e+00 3.941125896455230038e+00 3.986965422663197867e+00 4.033161445904575260e+00 4.079714821920741308e+00 4.126627659625722089e+00 4.173901575060842362e+00 4.221538283902750877e+00 4.269539603596673949e+00 4.317907455331382316e+00 4.366643865937454905e+00 4.415750969532815873e+00 4.465231008758276054e+00 4.515086336254843680e+00 4.565319415993616126e+00 4.615932824426137948e+00 4.666929251476319429e+00 4.718311501244115469e+00 4.770082493400673584e+00 4.822245267282617043e+00 4.874802974319488946e+00 4.927758880784764983e+00 4.981116368778342185e+00 5.034878935927971533e+00 5.089050194859097154e+00 5.143633872427672671e+00 5.198633808573740467e+00 5.254053954726100706e+00 5.309995951231464950e+00 5.366269879480796590e+00 5.422976525806896042e+00 5.480120261157817474e+00 5.537705551406298277e+00 5.595736951398763814e+00 5.654219097501441027e+00 5.713156698862580818e+00 5.772554527021029003e+00 5.832417403043195669e+00 5.892750181951076804e+00 5.953557733915027406e+00 6.014844921594554528e+00 6.076616572940171324e+00 6.138877448726725916e+00 6.201632204100617329e+00 6.264885343503562076e+00 6.328641168637863856e+00 6.392903719802808915e+00 6.457676711570126571e+00 6.522963074642762926e+00 6.588758108388686807e+00 6.655045388776787085e+00 6.721825184760525929e+00 6.789116478548413269e+00 6.856931070003803974e+00 6.925273993271463979e+00 6.994148435132471420e+00 7.063557087606915807e+00 7.133502385122128864e+00 7.203986537764942355e+00 7.275011530479780220e+00 7.346579117181049945e+00 7.418690835963404950e+00 7.491348017176243879e+00 7.564551612885604293e+00 7.638302309004179946e+00 7.712600673727784795e+00 7.787738060729400225e+00 7.863135396101328389e+00
2.654834169265497312e+00 2.689825638221144732e+00 2.725163807084360013e+00 2.760849132453209176e+00 2.796882034138702178e+00 2.833262898139584873e+00 2.869992079792583972e+00 2.907069907092543648e+00 2.944496684174051637e+00 2.982272694947198932e+00 3.020398206880511083e+00 3.058873474921132818e+00 3.097698745542361465e+00 3.136874260907982048e+00 3.176400263144149694e+00 3.216276998700420275e+00 3.256504722793877704e+00 3.297083703923403331e+00 3.338014228437672148e+00 3.379296605144217036e+00 3.420931169945429229e+00 3.462918290487387640e+00 3.505258370812109447e+00 3.547951855995903792e+00 3.590999236755128443e+00 3.634401054013196575e+00 3.678157903416149122e+00 3.722304306892040060e+00 3.766773658962525584e+00 3.811600206346597464e+00 3.856784807464344933e+00 3.902328397253782111e+00 3.948231991806507857e+00 3.994496694015285954e+00 4.041123703263652445e+00 4.088114352408499741e+00 4.135469770537431700e+00 4.183190735230336799e+00 4.231279485095529758e+00 4.279737666877873714e+00 4.328567030566236262e+00 4.377769431628614427e+00 4.427346833089092826e+00 4.477301307542257192e+00 4.527635038899195052e+00 4.578350323685242529e+00 4.629449572640899291e+00 4.680935312175209084e+00 4.732810185639082512e+00 4.785076954449136721e+00 4.837738500998216118e+00 4.890797830441705685e+00 4.944258064064588787e+00 4.998122443071546961e+00 5.052394329548928198e+00 5.107077206521446477e+00 5.162174677685436919e+00 5.217690466876757860e+00 5.273628417252394840e+00 5.330090374681589083e+00 5.386885729471035056e+00 5.444115484394719040e+00 5.501783941448842086e+00 5.559895509879471120e+00 5.618454701438511556e+00 5.677466124484184640e+00 5.736934476685373596e+00 5.796864535820099640e+00 5.857261148874156831e+00 5.918129218973479766e+00 5.979473689178947282e+00 6.041299522835840818e+00 6.103611679856295602e+00 6.166415088236941067e+00 6.229714610080571369e+00 6.293515001416996490e+00 6.357820865249162345e+00 6.422636597521554691e+00 6.487966326315072862e+00 6.553813846281927091e+00 6.620181926945702067e+00 6.687064443962679405e+00 6.754444815650255229e+00 6.822326077092615293e+00 6.890727673601319658e+00 6.959660824834743131e+00 7.029130458773747314e+00 7.099139840574177462e+00 7.169691772768755023e+00 7.240788803474653257e+00 7.312433254520397163e+00 7.384627219387716934e+00 7.457372556986692658e+00 7.530670910812791163e+00 7.604523704248776106e+00 7.678931965767255896e+00 7.753896476001725269e+00 7.829710234983394024e+00 7.905791924301231788e+00 7.982431008585652243e+00
2.686742864651413765e+00 2.722270730771504610e+00 2.758153464567595137e+00 2.794391558576254653e+00 2.830985464173571664e+00 2.867935594459428028e+00 2.905242327329888852e+00 2.942906008732286693e+00 2.980926956097405878e+00 3.019305461939810087e+00 3.058041797618804125e+00 3.097136217253154467e+00 3.136588961779233742e+00 3.176400263144149694e+00 3.216570348616465846e+00 3.257099445209649780e+00 3.297987784205117290e+00 3.339235605759568237e+00 3.380843163584188904e+00 3.422810729681741382e+00 3.465138599127208785e+00 3.507827094877297824e+00 3.550876572594187763e+00 3.594287425474592901e+00 3.638060089065669800e+00 3.682195046047726184e+00 3.726726730753445960e+00 3.771588347979072608e+00 3.816814040370565486e+00 3.862404526057665599e+00 3.908360593413619632e+00 3.954683105544830823e+00 4.001373004889135387e+00 4.048431318153108194e+00 4.095859162470276260e+00 4.143657756366663669e+00 4.191828463038412167e+00 4.240372399958200589e+00 4.289290250209011113e+00 4.338584398974212775e+00 4.388256524555300686e+00 4.438308412279874382e+00 4.488741956847671410e+00 4.539559164519602952e+00 4.590762155261680633e+00 4.642353164603445492e+00 4.694334545005640180e+00 4.746708767602189738e+00 4.799478423797020277e+00 4.852646226771144988e+00 4.906215016456825673e+00 4.960187756450998187e+00 5.014567533133652333e+00 5.069357557599021291e+00 5.124561166280357405e+00 5.180181821887488880e+00 5.236223113523463368e+00 5.292785855156582286e+00 5.349680771788676736e+00 5.407007855273391783e+00 5.464771194500169571e+00 5.522974999553801112e+00 5.581623598580389256e+00 5.640721434461205774e+00 5.700273060457105245e+00 5.760283134398606286e+00 5.820756411393310792e+00 5.881697734738266625e+00 5.943112024416839390e+00 6.005004263368037165e+00 6.067379480953046134e+00 6.130242732482080292e+00 6.193599074431226370e+00 6.257453534652246852e+00 6.321811076841981070e+00 6.386676558580187013e+00 6.452054682399269936e+00 6.517949939686249472e+00 6.584366547806796532e+00 6.651308383528158785e+00 6.718777952111585350e+00 6.786767570769725033e+00 6.855260889029626270e+00 6.924263801191763434e+00 6.993795971280891699e+00 7.063868042240997625e+00 7.134484859279035973e+00 7.205649774655024764e+00 7.277365706983241367e+00 7.349635323137417409e+00 7.422461061631223878e+00 7.495845129325521050e+00 7.569789494914711092e+00 7.644295911912048602e+00 7.719365899556283495e+00 7.795291216211201579e+00 7.871494444223912090e+00 7.948263994978680635e+00 8.025600313695875343e+00 8.103503560942957762e+00
2.718914717939447723e+00 2.754984522789780232e+00 2.791417543271288437e+00 2.828214313216766751e+00 2.865375320882429300e+00 2.902901011725595115e+00 2.940791791382573184e+00 2.979048028842356199e+00 3.017670059810570571e+00 3.056658190258051633e+00 3.096012700144478824e+00 3.135733847309517319e+00 3.175821871526407936e+00 3.216276998700420275e+00 3.257099445209649780e+00 3.298289422373993585e+00 3.339847141039094414e+00 3.381772816263222126e+00 3.424066672093675656e+00 3.466728946418755175e+00 3.509759895880786296e+00 3.553159800835288706e+00 3.596928970341048970e+00 3.641067747165958046e+00 3.685610028052453302e+00 3.730489619988823335e+00 3.775740103639979139e+00 3.821362006550883983e+00 3.867355914767080627e+00 3.913722477656804699e+00 3.960462412670477939e+00 4.007576509997099024e+00 4.055065637264796408e+00 4.102930744390119067e+00 4.151172868850123265e+00 4.199793142420612746e+00 4.248792803617067904e+00 4.298173248312844308e+00 4.347935578774029253e+00 4.398080364702327216e+00 4.448610157152977251e+00 4.499526666908989725e+00 4.550831715749168005e+00 4.602527238915333108e+00 4.654615287424971548e+00 4.707098030360000962e+00 4.759977756851416331e+00 4.813256877526304045e+00 4.866937926414784954e+00 4.921023563411703883e+00 4.975516579145707219e+00 5.030419890058618115e+00 5.085736541233843333e+00 5.141469708059363874e+00 5.197622696119957197e+00 5.254198941925886324e+00 5.311299390091762440e+00 5.368734079381803248e+00 5.426603137697472157e+00 5.484910529224372056e+00 5.543660348455238918e+00 5.602856818505777881e+00 5.662504288630939797e+00 5.722607230455299288e+00 5.783170233867457988e+00 5.844198001600114267e+00 5.905695341980869983e+00 5.967667159779595387e+00 6.030118444753971296e+00 6.093054257145853470e+00 6.156479710296584251e+00 6.220399949691182151e+00 6.284820127127577649e+00 6.349745369605249046e+00 6.415180742211554765e+00 6.481131204328671735e+00 6.547601558664526422e+00 6.614596392985772511e+00 6.682120015108073297e+00 6.750176384382360339e+00 6.818767606538717274e+00 6.887884337005754531e+00 6.957510909373703534e+00 7.027656097579298766e+00 7.098339543658909179e+00 7.169571327266887728e+00 7.241356233737096026e+00 7.313697711161590398e+00 7.386598800102507134e+00 7.460062291619212971e+00 7.534090746238843117e+00 7.608686489438825973e+00 7.683851605021597031e+00 7.759876893480267768e+00 7.836189098925847141e+00 7.913075387929934479e+00 7.990536745962900866e+00 8.068573994187520526e+00 8.147187653270959729e+00 8.226377952343906230e+00
