1.600897988176560149e+00 1.623530544021952071e+00 1.646375539822878320e+00 1.669432146332846312e+00 1.692699479535019425e+00 1.716176600119519779e+00 1.739862512860574029e+00 1.763756165528403530e+00 1.787856447598957121e+00 1.812166092212585733e+00 1.836676115321042024e+00 1.861389069502799920e+00 1.886303592292315479e+00 1.911418250803071706e+00 1.936731539576517891e+00 1.962241875890911924e+00 1.987947596504284320e+00 2.013846951339683056e+00 2.039938100595370063e+00 2.066219105815617851e+00 2.092687928240232420e+00 2.119342417418996316e+00 2.146180307962463729e+00 2.173199208939681437e+00 2.200396598283469451e+00 2.227769811758743224e+00 2.255316034128997504e+00 2.283032291634941924e+00 2.310915436642067888e+00 2.338962143386439152e+00 2.367168887881982986e+00 2.395531946113219846e+00 2.424047367424269961e+00 2.452710976139988119e+00 2.481518343014267991e+00 2.510464781325744799e+00 2.539556595482799661e+00 2.568766133978984012e+00 2.598098944797614607e+00 2.627549124382047019e+00 2.657110413095315593e+00 2.686776186886403739e+00 2.716539424767726363e+00 2.746392684776328252e+00 2.776328084370880855e+00 2.806337270718072041e+00 2.836411383211395076e+00 2.866541033880389833e+00 2.896716249104248853e+00 2.926926412928896326e+00 2.957160106824540780e+00 2.987405178494564328e+00 3.017648828940222572e+00 3.047877725210612176e+00 3.078078093335966159e+00 3.108235680664436007e+00 3.138335692543038125e+00 3.168362607101572248e+00 3.198300073077464223e+00 3.228130859635604644e+00 3.257836792742133003e+00 3.287398781366602574e+00 3.316796770406472916e+00 3.346009743921556367e+00 3.375015711649332228e+00 3.403791675010972462e+00 3.432347391718371110e+00 3.460590699264911585e+00 3.488528771190284594e+00 3.516134346022453006e+00 3.543379052060477985e+00 3.570233367697255744e+00 3.596666599788076457e+00 3.622646882394778611e+00 3.648141120636974932e+00 3.673115004290061325e+00 3.697533000443433693e+00 3.721358299172706996e+00 3.744552881983621795e+00 3.767077454879057541e+00 3.788891450679456430e+00 3.809953089249649594e+00 3.830219328066327922e+00 3.849645973317543657e+00 3.868187566826639667e+00 3.885797579378251765e+00 3.902428361767572351e+00 3.918031198197814202e+00 3.932556538818017700e+00 3.945953914094358250e+00 3.958171934362957778e+00 3.969158880515140986e+00 3.978862273612121747e+00 3.987229451414525450e+00 3.994207049477675575e+00 3.999741768866222902e+00 4.003780650163792920e+00 4.006270899172385214e+00 4.007161253908487097e+00 4.006400957900944526e+00
1.623530544021952071e+00 1.646578227445325338e+00 1.669844169914243892e+00 1.693327512506115129e+00 1.717027337279481092e+00 1.740942666803021455e+00 1.765072463457861618e+00 1.789415628670946168e+00 1.813974907884995602e+00 1.838741319406701491e+00 1.863717424478468887e+00 1.888901865236402910e+00 1.914293213220314538e+00 1.939889967613877442e+00 1.965690550180399176e+00 1.991693303129294490e+00 2.017896483861528090e+00 2.044298261595024258e+00 2.070896710289195308e+00 2.097689805885653680e+00 2.124675416212134405e+00 2.151851299888681179e+00 2.179215093443753748e+00 2.206764308401291785e+00 2.234496319557801591e+00 2.262408359394674662e+00 2.290497506024200547e+00 2.318760673889749491e+00 2.347194606054330723e+00 2.375795857335336603e+00 2.404560790587233043e+00 2.433485554448356680e+00 2.462566082580496918e+00 2.491798063991473633e+00 2.521176946361745053e+00 2.550709204677719111e+00 2.580367288441801854e+00 2.610156945242710247e+00 2.640072459360505164e+00 2.670107776107631281e+00 2.700256488070943650e+00 2.730511805478620602e+00 2.760866547614643896e+00 2.791313107165493967e+00 2.821843424075720197e+00 2.852448964074102644e+00 2.883120686071431571e+00 2.913848995887272419e+00 2.944623728499028203e+00 2.975434044722463867e+00 3.006268293598522767e+00 3.037114072604160331e+00 3.067958322581815889e+00 3.098787450253090547e+00 3.129587418534752974e+00 3.160343744431893587e+00 3.191041353337133124e+00 3.221664476584898296e+00 3.252196484895594430e+00 3.282619836899375976e+00 3.312916067773290063e+00 3.343065739046578333e+00 3.373048471173240692e+00 3.402842889969410756e+00 3.432426626867077335e+00 3.461810165298174979e+00 3.490901831437617009e+00 3.519709528043917235e+00 3.548206659084740089e+00 3.576365538331576666e+00 3.604157308787244496e+00 3.631551965416829120e+00 3.658518310448373168e+00 3.685023934864951833e+00 3.711035222767643305e+00 3.736517288815540017e+00 3.761434002373881924e+00 3.785747980799550216e+00 3.809420533959865907e+00 3.832411747975009497e+00 3.854680409350468295e+00 3.876184016151702494e+00 3.896878853489782468e+00 3.916719938391036937e+00 3.935661155355629326e+00 3.953655139592788359e+00 3.970653489219638566e+00 3.986606727845940945e+00 4.001464371550703447e+00 4.015175186896606796e+00 4.027687117754717328e+00 4.038947292749210938e+00 4.048902581636741438e+00 4.057499190349084017e+00 4.064683281257291725e+00 4.070400458842253322e+00 4.074596692532599818e+00 4.077218691349021817e+00 4.078328262592102682e+00 4.077647627759598770e+00
1.646375539822878320e+00 1.669844169914243892e+00 1.693537066337568842e+00 1.717453343285970213e+00 1.741592051424115661e+00 1.765952177511787013e+00 1.790532643752116071e+00 1.815336215273368747e+00 1.840353921602805531e+00 1.865588338337894170e+00 1.891038118284614988e+00 1.916701842569305203e+00 1.942578018234858650e+00 1.968665074961868156e+00 1.994961363304815327e+00 2.021465148853715199e+00 2.048174610168508103e+00 2.075087832894262796e+00 2.102202806293007153e+00 2.129517415312855544e+00 2.157029438033165381e+00 2.184736534254493545e+00 2.212636245102338695e+00 2.240725978429888077e+00 2.269003006372467546e+00 2.297464452369080590e+00 2.326107285643433720e+00 2.354928308019652583e+00 2.383924144147300694e+00 2.413091233624379495e+00 2.442425812457763357e+00 2.471923910012366221e+00 2.501581324351097813e+00 2.531393622711976210e+00 2.561367436266635433e+00 2.591475306610617313e+00 2.621723161631928090e+00 2.652105456003234440e+00 2.682616320760594864e+00 2.713249551414618210e+00 2.743998579475403599e+00 2.774856457956071054e+00 2.805815829037942244e+00 2.836868915066411478e+00 2.868007479401856408e+00 2.899222797877024860e+00 2.930505635075773441e+00 2.961846201372065224e+00 2.993234115186100830e+00 3.024658325262561842e+00 3.056106927561282660e+00 3.087567265087301394e+00 3.119026012946897630e+00 3.150469310734972606e+00 3.181882860226727949e+00 3.213251912479364147e+00 3.244561156311652539e+00 3.275794523979542738e+00 3.306935120387010762e+00 3.337965103390124977e+00 3.368865673406230332e+00 3.399617080677966197e+00 3.430198574283094270e+00 3.460621912301002467e+00 3.490797859744494858e+00 3.520735652184811215e+00 3.550410459121249751e+00 3.579796359190635435e+00 3.608866327336347268e+00 3.637592188158975226e+00 3.665944636414941726e+00 3.693893152394172930e+00 3.721406029171287155e+00 3.748450325274501171e+00 3.774991849137434130e+00 3.800995170377212684e+00 3.826423550123541073e+00 3.851238977609278802e+00 3.875402163377418496e+00 3.898872482643812365e+00 3.921608076978539970e+00 3.943565768517131698e+00 3.964701082171913527e+00 3.984968338880139349e+00 4.004320593777880077e+00 4.022709800003781311e+00 4.040086688556783656e+00 4.056401000490171604e+00 4.071601463671949972e+00 4.085635874618239960e+00 4.098451391069318106e+00 4.109994478131324236e+00 4.120210793357060197e+00 4.129045882080002450e+00 4.136444730399102099e+00 4.142352484126520906e+00 4.146713978961495961e+00 4.149589149694286938e+00 4.150698274079698713e+00 4.150101187441418205e+00
1.669432146332846312e+00 1.693327512506115129e+00 1.717453343285970213e+00 1.741808729101027131e+00 1.766392692108781359e+00 1.791204185868439103e+00 1.816246004560003957e+00 1.841509199319409040e+00 1.866996367642575594e+00 1.892706180705823638e+00 1.918637235676356578e+00 1.944788053728801369e+00 1.971157077780474776e+00 1.997742669809467131e+00 2.024543107156187016e+00 2.051556580796262796e+00 2.078781188614737818e+00 2.106214933469687800e+00 2.133855716602169217e+00 2.161701334101704397e+00 2.189749468021626289e+00 2.217997684120395441e+00 2.246443418939916725e+00 2.275083980294399844e+00 2.303916530729190004e+00 2.332938085674753470e+00 2.362145499065499532e+00 2.391535457962667088e+00 2.421104468118804753e+00 2.450848843719678261e+00 2.480764699368288806e+00 2.510847929692380465e+00 2.541094207101161295e+00 2.571510308598349948e+00 2.602068854651632623e+00 2.632775938385025327e+00 2.663626173447754208e+00 2.694613857230729437e+00 2.725732969639160341e+00 2.756977143019832877e+00 2.788339649768268647e+00 2.819813371223002019e+00 2.851390782273921065e+00 2.883063916003438365e+00 2.914824354054266209e+00 2.946663183598125180e+00 2.978570965522665315e+00 3.010537700885650203e+00 3.042552803459249944e+00 3.074604980700708534e+00 3.106682088036728295e+00 3.138771191783980896e+00 3.170858697376243374e+00 3.202930472621431157e+00 3.234971951831885573e+00 3.266968123446797989e+00 3.298903400289243226e+00 3.330761463788251664e+00 3.362525094815810078e+00 3.394176164289344655e+00 3.425695548619114739e+00 3.457063138960836834e+00 3.488291415689097175e+00 3.519291606431072417e+00 3.550073697404857676e+00 3.580613503626458360e+00 3.610885767621230258e+00 3.640864141169613877e+00 3.670521141217449212e+00 3.699828139201088106e+00 3.728755311521601890e+00 3.757271665863669341e+00 3.785344949628849598e+00 3.812941685711706441e+00 3.840027121206914362e+00 3.866565215687300938e+00 3.892518661188735685e+00 3.917848803960252368e+00 3.942515695315286894e+00 3.966478084138994387e+00 3.989693359689138852e+00 4.012117674508688836e+00 4.033705847468993078e+00 4.054411399307758401e+00 4.074186666345958052e+00 4.092982730785709400e+00 4.110749617003036427e+00 4.127436168323251664e+00 4.142990300145537041e+00 4.157358993573648576e+00 4.170488401513320120e+00 4.182324187233549040e+00 4.192811342811240571e+00 4.201894137443509258e+00 4.209516887658135254e+00 4.215735557227673347e+00 4.220272536391243889e+00 4.223182297888773640e+00 4.224410482794734634e+00 4.223904326585165236e+00
1.692699479535019425e+00 1.717027337279481092e+00 1.741592051424115661e+00 1.766392692108781359e+00 1.791428256211895054e+00 1.816701577539409751e+00 1.842203741087230506e+00 1.867937375924167975e+00 1.893901180791200956e+00 1.920093777280350578e+00 1.946513708606789628e+00 1.973159437452378651e+00 2.000029343715461039e+00 2.027121721979660229e+00 2.054434778535225714e+00 2.081966627217290533e+00 2.109715287765154823e+00 2.137678678079943495e+00 2.165854612489831688e+00 2.194240794371193015e+00 2.222834812595389398e+00 2.251634131556679019e+00 2.280636089311239623e+00 2.309837882954369093e+00 2.339236570193581333e+00 2.368829050599347230e+00 2.398612064513668152e+00 2.428582177101716866e+00 2.458735773200988906e+00 2.489069041498936929e+00 2.519577963784350949e+00 2.550269533334106775e+00 2.581116979047884730e+00 2.612126667206434494e+00 2.643293619311808840e+00 2.674612591369009973e+00 2.706078032661481281e+00 2.737684095872547019e+00 2.769424593421027314e+00 2.801292997322791134e+00 2.833282406258872843e+00 2.865385532550787318e+00 2.897594668104487514e+00 2.929901667927746090e+00 2.962297911391437388e+00 2.994774291723692361e+00 3.027321167139088498e+00 3.059928321230947823e+00 3.092584946470360752e+00 3.125279521609606981e+00 3.157999629578179590e+00 3.190732074030303345e+00 3.223462967605947860e+00 3.256177903114148897e+00 3.288862044005344654e+00 3.321500109708615422e+00 3.354076241183208573e+00 3.386573824991929715e+00 3.418975371565399435e+00 3.451262400392907992e+00 3.483448667635558049e+00 3.515447802267259281e+00 3.547271072995092034e+00 3.578896011986548054e+00 3.610299082322873776e+00 3.641455709592925416e+00 3.672340207995101302e+00 3.702925776302328220e+00 3.733184479977798009e+00 3.763087204632714844e+00 3.792603648438210850e+00 3.821702270335665119e+00 3.850350319724129111e+00 3.878513741152160854e+00 3.906157218953439703e+00 3.933244121424779749e+00 3.959736494329789025e+00 3.985595090947676056e+00 4.010779283138258045e+00 4.035247128798262750e+00 4.058955363522673387e+00 4.081859343870229750e+00 4.103913195121563717e+00 4.125069701484155971e+00 4.145280357455642495e+00 4.164495505032598466e+00 4.182664254736203624e+00 4.199734719074412759e+00 4.215653886414814089e+00 4.230367895587853866e+00 4.243822058025715549e+00 4.255961004308799644e+00 4.266728900742513986e+00 4.276179242830733251e+00 4.284037196409691717e+00 4.290353984408833199e+00 4.295072747664995028e+00 4.298137525505129730e+00 4.299492773326483608e+00 4.299084555707064048e+00
1.716176600119519779e+00 1.740942666803021455e+00 1.765952177511787013e+00 1.791204185868439103e+00 1.816701577539409751e+00 1.842435485028758313e+00 1.868408579805923342e+00 1.894619599341301308e+00 1.921067200337361447e+00 1.947749957420882083e+00 1.974666361572249285e+00 2.001814818738049784e+00 2.029193647333979111e+00 2.056801075708684312e+00 2.084635239329897693e+00 2.112694177489741865e+00 2.140975828631473288e+00 2.169478028854647800e+00 2.198198503006954407e+00 2.227134863248962038e+00 2.256284600789070449e+00 2.285645082339639256e+00 2.315213538939191462e+00 2.344987064610066341e+00 2.374962599805839236e+00 2.405136934300295071e+00 2.435506685934277105e+00 2.466068300455108275e+00 2.496818033817310045e+00 2.527751947354333950e+00 2.558877139605398199e+00 2.590166891907780933e+00 2.621627696395262053e+00 2.653254691631652840e+00 2.685042759863609074e+00 2.716986493381397416e+00 2.749080199977568917e+00 2.781317856945380917e+00 2.813693124069013507e+00 2.846199295021487607e+00 2.878829298385374269e+00 2.911575661532868509e+00 2.944430496800349406e+00 2.977385464122821901e+00 3.010431753227913898e+00 3.043560041130989546e+00 3.076760477494457469e+00 3.110022631470613419e+00 3.143335463548776687e+00 3.176687205563533567e+00 3.210065181308249915e+00 3.243455897672243182e+00 3.276845190495747406e+00 3.310218354362015170e+00 3.343560279260767043e+00 3.376855413070625644e+00 3.410087617639911084e+00 3.443239989254043731e+00 3.476294718888830904e+00 3.509266307928881279e+00 3.542068858904380502e+00 3.574714407007245409e+00 3.607181115627345669e+00 3.639446108291790605e+00 3.671485473639158226e+00 3.703274190225650742e+00 3.734786159199045219e+00 3.765994125741754406e+00 3.796869675034721947e+00 3.827383215564115204e+00 3.857503930396253722e+00 3.887199774337549041e+00 3.916437416285096340e+00 3.945182276347136696e+00 3.973398426131827144e+00 4.001048643481728284e+00 4.028094351951249763e+00 4.054495620391191046e+00 4.080211204187524920e+00 4.105198443464566083e+00 4.129413350491494050e+00 4.152810600623846327e+00 4.175343477110151191e+00 4.196964047533231046e+00 4.217623039126832118e+00 4.237269908796100992e+00 4.255853007182052394e+00 4.273319488704228952e+00 4.289615587254152373e+00 4.304686487048104304e+00 4.318476628196568079e+00 4.330929781177494498e+00 4.342098815483794283e+00 4.351708889189941587e+00 4.359810192357496561e+00 4.366344557982738017e+00 4.371254449024233324e+00 4.374482610620567868e+00 4.375973148013586389e+00 4.375670922891378822e+00
1.739862512860574029e+00 1.765072463457861618e+00 1.790532643752116071e+00 1.816246004560003957e+00 1.842203741087230506e+00 1.868408579805923342e+00 1.894859309476484954e+00 1.921554633670755852e+00 1.948493169900512578e+00 1.975673448474060789e+00 2.003093910926775578e+00 2.030752908183147465e+00 2.058648699009830718e+00 2.086779447142446120e+00 2.115143218443435558e+00 2.143737977789099691e+00 2.172561585438909315e+00 2.201611791794671369e+00 2.230886236128807099e+00 2.260382436349996027e+00 2.290097787952416919e+00 2.320029554764786006e+00 2.350174865475684438e+00 2.380530701099099478e+00 2.411093894288738326e+00 2.441861110602090434e+00 2.472828852968209201e+00 2.503993437599420613e+00 2.535350994960371196e+00 2.566908720524804455e+00 2.598639943300586452e+00 2.630551267374324986e+00 2.662637938544709648e+00 2.694894953715570640e+00 2.727317033672597368e+00 2.759898624201048811e+00 2.792633858759452359e+00 2.825516566047071798e+00 2.858540218679076705e+00 2.891697949357300512e+00 2.924982496762356554e+00 2.958386207776711352e+00 2.991900997807409812e+00 3.025518335947465332e+00 3.059229203906172145e+00 3.093024076584220960e+00 3.126892870750971998e+00 3.160824936504232685e+00 3.194809003793495084e+00 3.228833045692570458e+00 3.262884106934147876e+00 3.296948412649012727e+00 3.331011486242495767e+00 3.365058342687960558e+00 3.399073575249701662e+00 3.433041357474925448e+00 3.466945269708387567e+00 3.500768109441793285e+00 3.534525112568710714e+00 3.568130903737823711e+00 3.601598264131384841e+00 3.634906001495018302e+00 3.668031928996752011e+00 3.700952775850344878e+00 3.733644196229451317e+00 3.766080771656006299e+00 3.798235929207684602e+00 3.830081976140044198e+00 3.861590017726853841e+00 3.892729953600893023e+00 3.923470463030046318e+00 3.953778954998601325e+00 3.983621567371406158e+00 4.012963106630587085e+00 4.041767092507964954e+00 4.069995653947332315e+00 4.097609595940603811e+00 4.124568333257599306e+00 4.150829896645905848e+00 4.176350986820914102e+00 4.201086857983192147e+00 4.224991429368262885e+00 4.248017275427993233e+00 4.270115573173766776e+00 4.291236311489442734e+00 4.311328149188877745e+00 4.330338506887756012e+00 4.348213761593517468e+00 4.364899143595684983e+00 4.380339059698912685e+00 4.394584775529053466e+00 4.407365428997062295e+00 4.418729218092177113e+00 4.428617790200898519e+00 4.436972579251484028e+00 4.443734761664105193e+00 4.448845310700576761e+00 4.452246303938414584e+00 4.453880529397060251e+00 4.453692559684240493e+00
1.763756165528403530e+00 1.789415628670946168e+00 1.815336215273368747e+00 1.841509199319409040e+00 1.867937375924167975e+00 1.894619599341301308e+00 1.921554633670755852e+00 1.948741152171047153e+00 1.976177736472691793e+00 2.003862875494405671e+00 2.031794964066116371e+00 2.059972301073456080e+00 2.088393087330490783e+00 2.117055423875480180e+00 2.145957308682472586e+00 2.175096633492332732e+00 2.204471180382360451e+00 2.234078617780019371e+00 2.263916494606714291e+00 2.293982239299738435e+00 2.324273148057788951e+00 2.354786384308928504e+00 2.385518968353388392e+00 2.416467774017142744e+00 2.447629514597104539e+00 2.479000742989994066e+00 2.510577830489451490e+00 2.542356973129185072e+00 2.574345454510074127e+00 2.606516643204076278e+00 2.638877246798491338e+00 2.671422610585086233e+00 2.704147832963568199e+00 2.737047753171649056e+00 2.770116942973469332e+00 2.803349676657429068e+00 2.836739933603474650e+00 2.870281356861138722e+00 2.903967263050284853e+00 2.937790585111789810e+00 2.971743891966989182e+00 3.005819328277119062e+00 3.040008617879153441e+00 3.074303020142107545e+00 3.108693313860869001e+00 3.143169751662016509e+00 3.177722033840317373e+00 3.212339265412938349e+00 3.247009939687592439e+00 3.281721771750492511e+00 3.316461514486857443e+00 3.351215090459175983e+00 3.385967728062995175e+00 3.420704126090575059e+00 3.455408602339347990e+00 3.490065031808704976e+00 3.524689699116060115e+00 3.559199575804058213e+00 3.593608756797567860e+00 3.627897783837002343e+00 3.662046160354422319e+00 3.696032360051255683e+00 3.729833760708453738e+00 3.763426720041647577e+00 3.796786473290553854e+00 3.829887140722143535e+00 3.862701728664770240e+00 3.895202042242951190e+00 3.927358722542186431e+00 3.959141161899119687e+00 3.990517500816107788e+00 4.021454616863869624e+00 4.051918069682724166e+00 4.081872106851416326e+00 4.111279600058201922e+00 4.140102097919466040e+00 4.168299718526044195e+00 4.195831229726111111e+00 4.222653975398603876e+00 4.248723889188077862e+00 4.273995563759691585e+00 4.298422117899737493e+00 4.321955336852687957e+00 4.344545661368862888e+00 4.366142138603495759e+00 4.386692668990867183e+00 4.406143844303336721e+00 4.424441064901506238e+00 4.441528768749153144e+00 4.457458063234466472e+00 4.471957955743491198e+00 4.485076286536943790e+00 4.496754341695426760e+00 4.506932849280403275e+00 4.515552095500901864e+00 4.522552352333206294e+00 4.527873952050860851e+00 4.531457415388185694e+00 4.533244885379817291e+00 4.533179600292137401e+00
1.787856447598957121e+00 1.813974907884995602e+00 1.840353921602805531e+00 1.866996367642575594e+00 1.893901180791200956e+00 1.921067200337361447e+00 1.948493169900512578e+00 1.976177736472691793e+00 2.004119449519600860e+00 2.032316759997647271e+00 2.060768019041195220e+00 2.089471476333481181e+00 2.118425277938835727e+00 2.147627463862717523e+00 2.177075966195092249e+00 2.206768605362821045e+00 2.236703086610611013e+00 2.266876996247167764e+00 2.297287797277016708e+00 2.327932822849655192e+00 2.358809275686804874e+00 2.389914214595763475e+00 2.421244554594869314e+00 2.452797055318573172e+00 2.484568317868674825e+00 2.516554769057243846e+00 2.548752662528970259e+00 2.581169363027525421e+00 2.613778278509873765e+00 2.646586210887587942e+00 2.679588592973874306e+00 2.712780617710079500e+00 2.746157235005420638e+00 2.779713128638595876e+00 2.813442703456134009e+00 2.847340077030465544e+00 2.881399046582529877e+00 2.915613093160707603e+00 2.949975335672725407e+00 2.984478543334514011e+00 3.019115071836881103e+00 3.053876886791090151e+00 3.088755496668452061e+00 3.123741957423404880e+00 3.158826824437309000e+00 3.194000133629137039e+00 3.229251348733450211e+00 3.264569346249400539e+00 3.299942354863687921e+00 3.335357823735523919e+00 3.370802214752651071e+00 3.406261135072452095e+00 3.441719497043053355e+00 3.477161704020752975e+00 3.512571760373611518e+00 3.547966338821452847e+00 3.583262732039663057e+00 3.618475754486228269e+00 3.653586632137364010e+00 3.688575556012664514e+00 3.723421663877604981e+00 3.758103030705647107e+00 3.792596679525073622e+00 3.826878503760851036e+00 3.860923345225916403e+00 3.894704879597429947e+00 3.928195624083822501e+00 3.961366938062055976e+00 3.994188931400345588e+00 4.026630504477048511e+00 4.058659262034501225e+00 4.090241511686675047e+00 4.121342252929260930e+00 4.151925120937941749e+00 4.181952399756156069e+00 4.211384954255844804e+00 4.240182292781295992e+00 4.268302456399822198e+00 4.295702113599122463e+00 4.322336477447937142e+00 4.348159328714112704e+00 4.373123103641190390e+00 4.397178742465673196e+00 4.420275863543341899e+00 4.442362750636977609e+00 4.463386308537828029e+00 4.483292352738454944e+00 4.502131362304656825e+00 4.519636651284034023e+00 4.535854982222453202e+00 4.550727920911675106e+00 4.564196542847133387e+00 4.576201117404421481e+00 4.586681412008964287e+00 4.595576760852962295e+00 4.602826248037302115e+00 4.608369279724565004e+00 4.612145766360058019e+00 4.614096232509498741e+00 4.614163302678444545e+00
1.812166092212585733e+00 1.838741319406701491e+00 1.865588338337894170e+00 1.892706180705823638e+00 1.920093777280350578e+00 1.947749957420882083e+00 1.975673448474060789e+00 2.003862875494405671e+00 2.032316759997647271e+00 2.061033518832435352e+00 2.090011462988185187e+00 2.119248796036049765e+00 2.148743612228315669e+00 2.178493893990086416e+00 2.208497509141415183e+00 2.238752208893594720e+00 2.269255623603929628e+00 2.300005258885019277e+00 2.330998491493647684e+00 2.362232564566847604e+00 2.393704580310982433e+00 2.425411499945866911e+00 2.457350128244860876e+00 2.489517114481311744e+00 2.521908939449152065e+00 2.554521912590863142e+00 2.587363479086667084e+00 2.620407080764209695e+00 2.653659606558886441e+00 2.687116573729599001e+00 2.720773261861881398e+00 2.754624718657801008e+00 2.788665732932590569e+00 2.822890832283182050e+00 2.857294257620563993e+00 2.891869949815338181e+00 2.926611541322006627e+00 2.961512319698358819e+00 2.996565233547757945e+00 3.031762841509253903e+00 3.067097327451996591e+00 3.102560429337918535e+00 3.138143466734150788e+00 3.173837266186449568e+00 3.209632166962921307e+00 3.245517965703563767e+00 3.281483897692959228e+00 3.317518587332920266e+00 3.353610017425447065e+00 3.389745339046711159e+00 3.425910714862093087e+00 3.462091438553105416e+00 3.498272094326825510e+00 3.534436769384481369e+00 3.570602334101828923e+00 3.606686217524667892e+00 3.642703822068603436e+00 3.678637001774205384e+00 3.714466649789427422e+00 3.750172603743163080e+00 3.785733624480525528e+00 3.821127396163894296e+00 3.856330516755686943e+00 3.891318503881799007e+00 3.926065705141355444e+00 3.960545379974993896e+00 3.994729574150403195e+00 4.028589128921696627e+00 4.062093681983790283e+00 4.095211572422775781e+00 4.127909883616292852e+00 4.160154357995727636e+00 4.191909392412468627e+00 4.223138032041872769e+00 4.253801912567959143e+00 4.283861281636776930e+00 4.313274926951667254e+00 4.342000249486478225e+00 4.369993149086591089e+00 4.397208134977664606e+00 4.423598232740847180e+00 4.449115019352242406e+00 4.473708732994063908e+00 4.497328100180326693e+00 4.519920549211033922e+00 4.541536420606967717e+00 4.561913738628550874e+00 4.581098811644150892e+00 4.599034165327213763e+00 4.615661279104819492e+00 4.630920906947713078e+00 4.644752987083670348e+00 4.657096955264439231e+00 4.667891537967955529e+00 4.677075070425049219e+00 4.684585650940702450e+00 4.690361463203790215e+00 4.694341480749175233e+00 4.696465665010221002e+00 4.696674961481875243e+00
1.836676115321042024e+00 1.863717424478468887e+00 1.891038118284614988e+00 1.918637235676356578e+00 1.946513708606789628e+00 1.974666361572249285e+00 2.003093910926775578e+00 2.031794964066116371e+00 2.060768019041195220e+00 2.090011462988185187e+00 2.119523570751673081e+00 2.149302503470504000e+00 2.179346306754456730e+00 2.209652908491532397e+00 2.240220115965620984e+00 2.271045612721850571e+00 2.302126956431861604e+00 2.333461574081904022e+00 2.365046757690310031e+00 2.396879659831597564e+00 2.428957288450995122e+00 2.461276498713376615e+00 2.493833993597578402e+00 2.526626306191849913e+00 2.559660984426137986e+00 2.592912002219001977e+00 2.626386385125136780e+00 2.660079926135357820e+00 2.693988217220001591e+00 2.728106618681343853e+00 2.762430273267858727e+00 2.796954066606084144e+00 2.831672635155783713e+00 2.866580336166754783e+00 2.901671246329641018e+00 2.936939133659266510e+00 2.972377443556930565e+00 3.007979290378475223e+00 3.043737417187627692e+00 3.079644203595595986e+00 3.115691609165782250e+00 3.151871191526134819e+00 3.188174027147069101e+00 3.224590743180958619e+00 3.261111434350227878e+00 3.297725666418414026e+00 3.334422422793295482e+00 3.371190083374266511e+00 3.408016360200200712e+00 3.444888124219845249e+00 3.481791204841164777e+00 3.518710574605485863e+00 3.555663279467123239e+00 3.592567958670952244e+00 3.629440358842520808e+00 3.666263473820970287e+00 3.703019667476445065e+00 3.739690484415870930e+00 3.776256452705267552e+00 3.812697050220148487e+00 3.848990658457297709e+00 3.885114558969798626e+00 3.921044933706113511e+00 3.956756848292498852e+00 3.992224252782694105e+00 4.027419881274163949e+00 4.062315339437024164e+00 4.096880968914825338e+00 4.131085859115637859e+00 4.164897848961872207e+00 4.198283429540746070e+00 4.231207790848972472e+00 4.263634734006332749e+00 4.295526667300726409e+00 4.326844605549449163e+00 4.357548110202506209e+00 4.387595321431702722e+00 4.416942881567389456e+00 4.445546019075119482e+00 4.473358430544751130e+00 4.500332409447656445e+00 4.526418742121336436e+00 4.551566757428237686e+00 4.575724462243128343e+00 4.598942601375458850e+00 4.620959582681402722e+00 4.641821959232252048e+00 4.661472370083931338e+00 4.679852537237739085e+00 4.696903021484597041e+00 4.712563450131614040e+00 4.726772956445772778e+00 4.739469785465225016e+00 4.750591802805950614e+00 4.760076279596765936e+00 4.767860274796922759e+00 4.773880957633100053e+00 4.778076056206301381e+00 4.780384596010961218e+00 4.780747019224618199e+00
1.861389069502799920e+00 1.888901865236402910e+00 1.916701842569305203e+00 1.944788053728801369e+00 1.973159437452378651e+00 2.001814818738049784e+00 2.030752908183147465e+00 2.059972301073456080e+00 2.089471476333481181e+00 2.119248796036049765e+00 2.149302503470504000e+00 2.179630721497133994e+00 2.210231450898193284e+00 2.241102568268602102e+00 2.272241823515901427e+00 2.303646836576812795e+00 2.335315093883443271e+00 2.367243946112914443e+00 2.399430602760967535e+00 2.431872127441016662e+00 2.464565433025816876e+00 2.497507276017540967e+00 2.530694247468606939e+00 2.564133969203964636e+00 2.597800452075507582e+00 2.631700796514672369e+00 2.665830866727528559e+00 2.700186327493437233e+00 2.734762622002016474e+00 2.769554977256899253e+00 2.804558369469691392e+00 2.839767541608011925e+00 2.875176958685046635e+00 2.910780818197808983e+00 2.946573016692652036e+00 2.982547149559026778e+00 3.018696479946557876e+00 3.055013924200535858e+00 3.091492043326080186e+00 3.128122998574575764e+00 3.164898561288975287e+00 3.201810050129694218e+00 3.238848352245999873e+00 3.276003835129031483e+00 3.313266382384413067e+00 3.350625299205935548e+00 3.388069325984792712e+00 3.425586572166770427e+00 3.463164487764617494e+00 3.500789634050340382e+00 3.538447527597170961e+00 3.576155648554875555e+00 3.613832650757695664e+00 3.651494393600378086e+00 3.689123960984998174e+00 3.726704033702044505e+00 3.764216671362436983e+00 3.801643058259675634e+00 3.838963386323789972e+00 3.876156738360098331e+00 3.913201110217115808e+00 3.950073378675045266e+00 3.986749297356318777e+00 4.023203490079641398e+00 4.059409427031464013e+00 4.095339422065329416e+00 4.130964523067262029e+00 4.166254606529677496e+00 4.201178232665323975e+00 4.235702660796802022e+00 4.269793852147918400e+00 4.303416372714104376e+00 4.336533438094262394e+00 4.369106829165700034e+00 4.401096888139628405e+00 4.432462523737123128e+00 4.463161150187500148e+00 4.493148731375338656e+00 4.522379698058144548e+00 4.550807043168443755e+00 4.578382201271672614e+00 4.605055198751511369e+00 4.630877200909164770e+00 4.655591565439737956e+00 4.679245109965129323e+00 4.701782070160143157e+00 4.723145474984965730e+00 4.743277123129751693e+00 4.762117561084192374e+00 4.779606537587163473e+00 4.795682733103091344e+00 4.810284111841178323e+00 4.823348112348096350e+00 4.834811348015124466e+00 4.844610200311514348e+00 4.852680642737115413e+00 4.858958769206310535e+00 4.863381276135886999e+00 4.865885933307093403e+00 4.866412255048669699e+00
1.886303592292315479e+00 1.914293213220314538e+00 1.942578018234858650e+00 1.971157077780474776e+00 2.000029343715461039e+00 2.029193647333979111e+00 2.058648699009830718e+00 2.088393087330490783e+00 2.118425277938835727e+00 2.148743612228315669e+00 2.179346306754456730e+00 2.210231450898193284e+00 2.241397004927538017e+00 2.272840798106809945e+00 2.304560526287656508e+00 2.336553749066708985e+00 2.368817886063543376e+00 2.401350212967869435e+00 2.434147859192853591e+00 2.467207801768965592e+00 2.500526860199485668e+00 2.534101691203201945e+00 2.567939987707370086e+00 2.602015807211867759e+00 2.636336330072553746e+00 2.670897488794593322e+00 2.705695020770112258e+00 2.740724450087351105e+00 2.775981086062089265e+00 2.811459998428221585e+00 2.847156024681298359e+00 2.883063731036974442e+00 2.919177433899459828e+00 2.955491149392483141e+00 2.991998606618670564e+00 3.028693210443325956e+00 3.065568042595784526e+00 3.102615827260381653e+00 3.139828915824290689e+00 3.177199278157920581e+00 3.214718453592862790e+00 3.252377562848170367e+00 3.290167238434276609e+00 3.328077648985764636e+00 3.366098399811245923e+00 3.404218574506990169e+00 3.442426636454099409e+00 3.480710435165520256e+00 3.519057130131626021e+00 3.557452979564192930e+00 3.595916097117098698e+00 3.634365338925754862e+00 3.672816763194264311e+00 3.711253486547335889e+00 3.749658281337800325e+00 3.788013503678720806e+00 3.826300882105475143e+00 3.864501271191445042e+00 3.902594470323445641e+00 3.940559199833707726e+00 3.978373031355314282e+00 4.016012430910892661e+00 4.053452721841539486e+00 4.090668073329210230e+00 4.127631487009428390e+00 4.164314767863569244e+00 4.200688519687523659e+00 4.236722027385357414e+00 4.272383359651641399e+00 4.307639215538191735e+00 4.342454944243489656e+00 4.376794550455060495e+00 4.410620593260449418e+00 4.443894232691512514e+00 4.476575150908550960e+00 4.508621546794763901e+00 4.539990149103292794e+00 4.570636154070043311e+00 4.600513282549508531e+00 4.629573689653399882e+00 4.657768072986809393e+00 4.685148285597351858e+00 4.711458200372056204e+00 4.736745146537256090e+00 4.760953860171579954e+00 4.784027829921165598e+00 4.805909037621777458e+00 4.826538330646661379e+00 4.845855391856636274e+00 4.863798727824356405e+00 4.880306203091572037e+00 4.895314819946882778e+00 4.908760789703851657e+00 4.920579915575573615e+00 4.930707260654087598e+00 4.939077878564592794e+00 4.945626765587392448e+00 4.950289517932742633e+00 4.953002868825861604e+00 4.953705074441852041e+00
1.911418250803071706e+00 1.939889967613877442e+00 1.968665074961868156e+00 1.997742669809467131e+00 2.027121721979660229e+00 2.056801075708684312e+00 2.086779447142446120e+00 2.117055423875480180e+00 2.147627463862717523e+00 2.178493893990086416e+00 2.209652908491532397e+00 2.241102568268602102e+00 2.272840798106809945e+00 2.304865384427018604e+00 2.337173973129390347e+00 2.369764066862640739e+00 2.402633021824495785e+00 2.435778043562466078e+00 2.469196182569481035e+00 2.502884331866718881e+00 2.536839220147137919e+00 2.571068619701461166e+00 2.605546646438404501e+00 2.640280556847618421e+00 2.675266358440147041e+00 2.710499868834386206e+00 2.745976689336297127e+00 2.781692211322066122e+00 2.817641595888757067e+00 2.853819773076207156e+00 2.890221414112173370e+00 2.926840940991128903e+00 2.963672482472581748e+00 3.000709899993760033e+00 3.037946730766126979e+00 3.075376204210387154e+00 3.112991200525372371e+00 3.150784253261488033e+00 3.188747511177647098e+00 3.226872722218594003e+00 3.265151224492654602e+00 3.303573892157056324e+00 3.342131149461275985e+00 3.380812893552180842e+00 3.419608519886094378e+00 3.458506817132872779e+00 3.497496013495204892e+00 3.536563662487266946e+00 3.575696643844204381e+00 3.614913893019811031e+00 3.654134675211373029e+00 3.693375476944454228e+00 3.732619525872054922e+00 3.771849579019481258e+00 3.811048093806688186e+00 3.850197111323117038e+00 3.889278014777910020e+00 3.928271298494122377e+00 3.967156403268834008e+00 4.005911624943292004e+00 4.044514147958057748e+00 4.082939985423679197e+00 4.121164024888458677e+00 4.159159979063141499e+00 4.196900367678718879e+00 4.234356499249453343e+00 4.271498438430159972e+00 4.308295000868842983e+00 4.344713628501192915e+00 4.380720501070420880e+00 4.416280374869111292e+00 4.451356609210112225e+00 4.485911168286595085e+00 4.519904522403559000e+00 4.553295695248237962e+00 4.586042192100987513e+00 4.618099993191592034e+00 4.649423575753574234e+00 4.679965849199327010e+00 4.709779466294800265e+00 4.738613343090309016e+00 4.766515527907163374e+00 4.793432778589366450e+00 4.819310464698371987e+00 4.844092421386799074e+00 4.867721060195647986e+00 4.890137607242525775e+00 4.911281805613306517e+00 4.931092357034368767e+00 4.949506882921565598e+00 4.966461935295268582e+00 4.981893714599224587e+00 4.995737442364589498e+00 5.007927625237019065e+00 5.018398515618705424e+00 5.027083777481580640e+00 5.033917463094970124e+00 5.038834075641058341e+00 5.041769235192199439e+00 5.042660163374639737e+00
1.936731539576517891e+00 1.965690550180399176e+00 1.994961363304815327e+00 2.024543107156187016e+00 2.054434778535225714e+00 2.084635239329897693e+00 2.115143218443435558e+00 2.145957308682472586e+00 2.177075966195092249e+00 2.208497509141415183e+00 2.240220115965620984e+00 2.272241823515901427e+00 2.304560526287656508e+00 2.337173973129390347e+00 2.370079764659731580e+00 2.403275350841752811e+00 2.436758027909438074e+00 2.470524934785264026e+00 2.504573048362631393e+00 2.538899178617147534e+00 2.573511186293685693e+00 2.608383255517333854e+00 2.643522727825273755e+00 2.678925694340110297e+00 2.714588049802443948e+00 2.750505480080409182e+00 2.786673467115786007e+00 2.823087258803315791e+00 2.859741877418135125e+00 2.896632096857711058e+00 2.933752442679003369e+00 2.971097161070288539e+00 3.008660230982419304e+00 3.046435314591902532e+00 3.084415788215861820e+00 3.122594678235692811e+00 3.160964681073557436e+00 3.199518117066670886e+00 3.238246934672173172e+00 3.277142668128598224e+00 3.316196420553071178e+00 3.355398854452549262e+00 3.394740131988613907e+00 3.434209930614653405e+00 3.473797356561001415e+00 3.513490979743111531e+00 3.553278711597088080e+00 3.593180493157344113e+00 3.633118060894496626e+00 3.673109199574674300e+00 3.713138381012575984e+00 3.753189174458065658e+00 3.793244440452227639e+00 3.833286610878868128e+00 3.873297790262731688e+00 3.913259699800838654e+00 3.953153386576642170e+00 3.992958967912804358e+00 4.032655492262175123e+00 4.072220869313385450e+00 4.111631828364646246e+00 4.150863971634317195e+00 4.189891704714082010e+00 4.228688278939999101e+00 4.267225730325852950e+00 4.305474857040613834e+00 4.343405198029423708e+00 4.380984998183897972e+00 4.418181203540867408e+00 4.454959330588134314e+00 4.491283586982048881e+00 4.527116705005108876e+00 4.562419969052131208e+00 4.597153218534708152e+00 4.631274753822564705e+00 4.664741381554756039e+00 4.697508354062011726e+00 4.729529359961509805e+00 4.760857897022460428e+00 4.791243403747907692e+00 4.820734736827041012e+00 4.849279324395551427e+00 4.876823117760428872e+00 4.903310474103382610e+00 4.928684390854614961e+00 4.952886340979455682e+00 4.975856411049360162e+00 4.997533583952568748e+00 5.017855396992746186e+00 5.036758462304804063e+00 5.054178427274255370e+00 5.070050119194431382e+00 5.084307963178064327e+00 5.096885439479547308e+00 5.107715429042027466e+00 5.116730787968216454e+00 5.123864110050985410e+00 5.129048944100344620e+00 5.132219840007000933e+00 5.133312899318202227e+00
1.962241875890911924e+00 1.991693303129294490e+00 2.021465148853715199e+00 2.051556580796262796e+00 2.081966627217290533e+00 2.112694177489741865e+00 2.143737977789099691e+00 2.175096633492332732e+00 2.206768605362821045e+00 2.238752208893594720e+00 2.271045612721850571e+00 2.303646836576812795e+00 2.336553749066708985e+00 2.369764066862640739e+00 2.403275350841752811e+00 2.437085003144513262e+00 2.471190264467557629e+00 2.505588210626193746e+00 2.540275748563730396e+00 2.575260835947270621e+00 2.610517738126469034e+00 2.646053891225633503e+00 2.681865475865038650e+00 2.717948475412482967e+00 2.754298669429587232e+00 2.790911626018453884e+00 2.827782687946210682e+00 2.864906979234644879e+00 2.902279370863760644e+00 2.939894491583480818e+00 2.977746702469420192e+00 3.015830097905521701e+00 3.054138470923962956e+00 3.092665328225189469e+00 3.131403834477553882e+00 3.170346848822167107e+00 3.209486852820085279e+00 3.248815974341069612e+00 3.288325936213208678e+00 3.328008062207869155e+00 3.367853229985747543e+00 3.407851853173559764e+00 3.447993871190802917e+00 3.488268682103631502e+00 3.528665162179874137e+00 3.569171573297703848e+00 3.609808299757307992e+00 3.650497350748551639e+00 3.691257274730336047e+00 3.732073287033748521e+00 3.772929503765627413e+00 3.813809108857270314e+00 3.854694613316127505e+00 3.895568093929539621e+00 3.936411340985875196e+00 3.977205712490202938e+00 4.017931912080201506e+00 4.058569689421601012e+00 4.099097682162180512e+00 4.139493377239888083e+00 4.179733092220421220e+00 4.219791944040974130e+00 4.259643903823292277e+00 4.299261710906010947e+00 4.338616913438817058e+00 4.377679797343863477e+00 4.416419361463061577e+00 4.454803294291980187e+00 4.492797938106368072e+00 4.530368285221948454e+00 4.567477842290220913e+00 4.604088762113225819e+00 4.640161666127614382e+00 4.675655678477768085e+00 4.710528430152291612e+00 4.744735970714851980e+00 4.778232810988508383e+00 4.811073328880953959e+00 4.843007502675884979e+00 4.874085031233716059e+00 4.904254054388871964e+00 4.933461193307840276e+00 4.961651435654444775e+00 4.988768295883581949e+00 5.014753702661912449e+00 5.039548268492826999e+00 5.063091103534365089e+00 5.085319985071133253e+00 5.106171690675656016e+00 5.125581604750835574e+00 5.143484339220076862e+00 5.159813814388037656e+00 5.174503002525892015e+00 5.187484587572241956e+00 5.198690386174150468e+00 5.208051801339721898e+00 5.215500634197526963e+00 5.220968916530117632e+00 5.224390248270363912e+00 5.225699696209987977e+00
